[0.7304457, 0.02916197, 0.23639141, 0.004000911]
[0.06453189, 0.0067159403, 0.9044663, 0.024285894]
[0.0054671387, 0.0061217137, 0.98820764, 0.00020362197]
[0.9816682, 0.0006762047, 0.014403582, 0.0032520785]
[0.00012262622, 0.00030286468, 0.9993011, 0.00027343832]
[0.81612176, 6.372489e-05, 0.18365538, 0.00015918017]
[0.00049913244, 2.1316895e-05, 0.9990006, 0.00047899003]
[0.014678079, 0.00020601973, 0.9843769, 0.00073907373]
[0.00553223, 0.0020373997, 0.9886374, 0.0037930212]
[0.56693465, 0.0008332771, 0.4319755, 0.00025652646]
[0.99973506, 2.425194e-05, 0.0002364747, 4.3449413e-06]
[0.9969195, 0.000108063796, 0.002887211, 8.522778e-05]
[0.95697004, 0.0027942406, 0.039157778, 0.0010779813]
[0.00025761733, 4.5860277e-05, 0.9994746, 0.00022202326]
[0.8562729, 0.0005787845, 0.14302257, 0.00012585639]
[0.5430768, 0.015393508, 0.01978942, 0.4217403]
[0.16240257, 0.00020188221, 0.83693945, 0.0004560896]
[0.0014633707, 2.947851e-06, 0.9984944, 3.9303406e-05]
[0.99628663, 0.00020990914, 0.0015630224, 0.0019405582]
[0.008595951, 0.00022833036, 0.99066263, 0.0005130951]
[0.03874767, 0.0010808144, 0.9599172, 0.0002542612]
[0.0057969275, 0.0034009595, 0.99073213, 7.002599e-05]
[0.66468054, 0.0009075107, 0.33256632, 0.0018456595]
[0.08470012, 0.00078534783, 0.88346, 0.031054558]
[0.4245242, 0.56033695, 0.00017128918, 0.014967612]
[0.39176232, 0.60478646, 0.0005172531, 0.0029340065]
[0.0064369496, 0.9918079, 0.0016544757, 0.000100754165]
[0.602267, 0.06963942, 0.004534191, 0.3235593]
[0.9960116, 0.0036402945, 0.0003028634, 4.5247067e-05]
[0.9840566, 0.00077186903, 0.015022723, 0.00014881542]
[0.0007763279, 1.7426105e-06, 0.9992105, 1.1426025e-05]
[0.00027668805, 8.691496e-06, 0.99962664, 8.792437e-05]
[0.9495788, 0.003503277, 0.046597213, 0.00032064546]
[6.964017e-05, 2.5950374e-06, 0.9998982, 2.9564315e-05]
[4.350646e-05, 1.99901e-06, 0.999928, 2.6478021e-05]
[0.9553934, 0.00019922058, 0.042470127, 0.0019373524]
[0.00039555892, 4.7075623e-06, 0.99934596, 0.00025374358]
[0.0067294496, 0.00014436833, 0.99303097, 9.5283416e-05]
[0.88878983, 0.0070002736, 0.009514398, 0.09469558]
[0.3786396, 0.6117581, 0.009369512, 0.00023268964]
[6.145011e-05, 0.9999273, 5.3292147e-06, 5.8285614e-06]
[0.8122331, 0.16046563, 0.020771379, 0.0065299063]
[0.9824472, 0.00560205, 0.001416999, 0.010533708]
[0.94697374, 0.0022151063, 0.0015970409, 0.04921409]
[0.17539689, 0.00029817485, 0.79405737, 0.030247502]
[0.09813732, 0.89291894, 0.0071283313, 0.0018153762]
[0.085556075, 0.068902254, 0.80256045, 0.04298126]
[0.9683585, 0.005499828, 0.02118753, 0.0049541853]
[0.8399179, 0.15928224, 0.00019377384, 0.0006060985]
[0.8881125, 0.0045755953, 0.055429995, 0.051881976]
[0.09863931, 0.89866054, 0.00020874244, 0.0024913927]
[0.014637272, 0.023201702, 0.9296726, 0.0324884]
[0.99928325, 0.00013693521, 0.0005602082, 1.9477153e-05]
[0.99774617, 0.0011180894, 0.0008563133, 0.00027939337]
[0.00028695216, 0.9956053, 0.00013256804, 0.003975187]
[0.1028847, 0.8822992, 0.005159113, 0.009656902]
[0.95863, 0.030361513, 0.006802367, 0.0042060874]
[0.035872556, 0.87506926, 0.08734188, 0.0017163121]
[0.0022995304, 0.997154, 0.00017706414, 0.0003693099]
[0.0018029697, 0.9962835, 0.000281857, 0.0016316747]
[0.8665217, 0.11573351, 0.0007580466, 0.016986798]
[0.9578486, 0.0021680049, 0.017935617, 0.022047756]
[0.9809941, 0.00012304561, 0.015016624, 0.0038662956]
[0.99798465, 0.0010769705, 0.00064446067, 0.00029386688]
[0.8568672, 0.13013516, 0.008066236, 0.0049313954]
[0.82874596, 7.8231475e-05, 0.15557195, 0.015603887]
[0.8436148, 0.00024280016, 0.13442011, 0.021722332]
[0.9950808, 0.0012715084, 0.00022115394, 0.003426521]
[0.9606238, 0.033891656, 0.0014325166, 0.004051973]
[0.9755789, 0.0021420785, 0.003194768, 0.019084133]
[0.9994148, 0.00027987288, 0.00015558653, 0.00014980874]
[0.97298366, 0.025745321, 0.0010083816, 0.00026260485]
[0.9694593, 0.00039359072, 0.027797686, 0.0023494444]
[0.055203944, 0.0755522, 0.70969987, 0.15954398]
[0.004629761, 8.264152e-05, 0.995201, 8.662616e-05]
[1.6697877e-05, 7.8180096e-07, 0.9999722, 1.0217871e-05]
[0.43588614, 0.4891785, 0.0038726053, 0.07106276]
[3.3912118e-05, 1.2413908e-06, 0.99990404, 6.0843395e-05]
[2.9247347e-05, 1.7511353e-05, 0.99994314, 1.018105e-05]
[0.15687136, 0.84182084, 0.0009698857, 0.00033792856]
[0.23942563, 0.7024633, 0.037112236, 0.020998778]
[0.00018130662, 1.3418571e-05, 0.9997886, 1.6731805e-05]
[0.0002897158, 3.2774944e-06, 0.99970347, 3.4520879e-06]
[0.004898941, 0.9923943, 6.4059976e-05, 0.00264272]
[0.012616504, 7.9082914e-05, 0.9859747, 0.00132966]
[0.0074932915, 0.0009889273, 0.18887044, 0.80264735]
[0.9998709, 8.226376e-05, 3.248019e-05, 1.444499e-05]
[0.7072329, 0.29133764, 0.0005915023, 0.00083797803]
[0.53743744, 0.4402265, 0.0061755367, 0.01616058]
[0.9968708, 0.0002480467, 0.0027100055, 0.00017116568]
[0.00053687964, 0.0010932923, 0.017631212, 0.9807386]
[0.4555471, 0.45832822, 0.08451824, 0.0016064262]
[0.7856808, 0.09430234, 0.03686426, 0.08315261]
[0.0017578965, 0.9854218, 0.00017117146, 0.012649229]
[0.004442424, 0.995053, 0.000318604, 0.00018604488]
[0.0030564622, 0.99670166, 0.00013612256, 0.00010573046]
[0.99492466, 0.0041838144, 0.0007975136, 9.4109026e-05]
[0.99954766, 4.6063913e-05, 0.00027165, 0.00013455386]
[0.9963415, 0.0033042128, 0.0003160613, 3.8067028e-05]
[0.9958513, 0.0039436417, 0.00014249, 6.264448e-05]
[0.0019195537, 0.9948296, 0.0024365364, 0.0008144359]
[0.9610296, 0.033619534, 0.0030810288, 0.0022698008]
[0.011361974, 0.98489666, 0.00020839604, 0.0035329903]
[0.4413555, 0.006790256, 0.0067940913, 0.54506016]
[0.9954769, 0.0005139273, 0.0038805164, 0.0001285962]
[0.9939334, 0.005804247, 0.00012531968, 0.00013695822]
[0.96324116, 0.00021547085, 0.0016882883, 0.034855086]
[0.9985416, 0.0010376684, 7.9111895e-05, 0.0003416443]
[0.9998846, 6.142224e-05, 4.7728867e-05, 6.349288e-06]
[0.8966742, 0.00045368983, 0.10257017, 0.00030195984]
[0.7708403, 0.0019016091, 0.21317102, 0.014087163]
[0.006522464, 0.9840591, 0.0045287227, 0.004889633]
[0.2745517, 0.72054726, 0.002502925, 0.0023981424]
[0.74727196, 0.0072090407, 0.24445462, 0.0010644785]
[4.0822197e-05, 3.223763e-05, 0.9996954, 0.00023151159]
[5.477805e-05, 1.3105578e-06, 0.9999052, 3.8623115e-05]
[0.024486853, 0.008600541, 0.005157491, 0.9617551]
[0.20169927, 0.4523178, 0.03746317, 0.30851978]
[0.1142911, 0.018086439, 0.029730963, 0.8378915]
[6.1078713e-06, 0.00048429967, 0.99946576, 4.3852964e-05]
[0.022058954, 0.0015608183, 0.6201758, 0.3562045]
[0.052585516, 0.0008358008, 0.011267107, 0.93531156]
[0.019921366, 0.0024102677, 0.7241207, 0.25354764]
[0.0006201326, 1.4344699e-05, 0.99759775, 0.0017678398]
[0.5220618, 0.37004194, 0.010528654, 0.09736762]
[0.7440014, 0.15466768, 0.014047783, 0.08728321]
[0.52814144, 0.44690007, 0.022048643, 0.0029098478]
[6.2426097e-06, 6.1028026e-05, 0.999928, 4.7384274e-06]
[0.013251488, 0.9856813, 3.8622915e-05, 0.001028607]
[0.20229992, 0.7863142, 0.0005063393, 0.010879516]
[0.00087186723, 0.0029220805, 0.9949639, 0.0012422396]
[0.18806896, 0.8073555, 0.0013820524, 0.003193515]
[0.016194295, 0.97963583, 0.0028320393, 0.001337792]
[7.4280215e-05, 1.255376e-05, 0.999706, 0.00020708342]
[0.0006782487, 3.6954123e-05, 0.9991136, 0.00017118339]
[0.0001998039, 8.24699e-07, 0.99947566, 0.00032367752]
[0.00019543416, 0.99960524, 2.0238296e-05, 0.0001790752]
[0.055207618, 0.9357926, 0.00029883708, 0.00870082]
[0.00011196816, 2.04251e-06, 0.99985576, 3.0109477e-05]
[4.0203115e-05, 2.3738494e-06, 0.9999187, 3.878734e-05]
[0.07542292, 0.9240279, 0.0001869582, 0.0003622801]
[0.3162921, 0.05015206, 0.0053195623, 0.6282363]
[0.9342675, 0.002628665, 0.055729583, 0.0073742215]
[0.02281204, 0.9585022, 0.01782173, 0.00086407055]
[0.372803, 0.0042419354, 0.59687996, 0.02607511]
[0.9930259, 0.0031049347, 0.0036571762, 0.0002120177]
[0.004412471, 0.007068988, 0.987518, 0.0010004805]
[0.00045173708, 0.9916972, 0.0073037017, 0.0005474045]
[0.031897098, 0.0011032933, 0.9658968, 0.0011028372]
[0.98351014, 0.00839145, 0.0021529181, 0.005945469]
[0.99839646, 0.0012297237, 0.00015541882, 0.0002183774]
[0.0002450739, 1.6682014e-06, 0.9997271, 2.620824e-05]
[0.9934634, 0.001260342, 0.005053134, 0.00022312159]
[0.8354882, 0.0028667953, 0.14680599, 0.014839034]
[0.9930941, 0.0022926405, 0.00052714866, 0.0040860446]
[0.24398372, 0.009670099, 0.7453883, 0.0009578047]
[0.996671, 3.6128404e-05, 0.0029839494, 0.00030885392]
[0.8589543, 0.008777575, 0.12982436, 0.0024437567]
[0.020031044, 0.00029747497, 0.97932523, 0.0003463087]
[0.00031901337, 0.9884327, 4.033674e-05, 0.011208081]
[0.99715424, 0.0021176504, 0.000674475, 5.3552827e-05]
[0.002091023, 7.722606e-05, 0.9978206, 1.1238731e-05]
[8.258432e-06, 0.00012605106, 0.99976283, 0.00010284997]
[5.1590512e-05, 7.996543e-06, 0.9986853, 0.0012550113]
[0.97578216, 0.021626938, 0.0013660067, 0.0012248307]
[0.99368733, 0.0012989766, 0.004008738, 0.001005041]
[0.0007490454, 0.9978428, 0.0011975974, 0.00021056748]
[0.008706473, 0.9860888, 0.00015372894, 0.0050509623]
[0.9736649, 0.001441615, 0.003927085, 0.020966386]
[0.00880549, 0.9899991, 0.00041554656, 0.0007798739]
[0.99895644, 0.00030222972, 0.00054900226, 0.00019237437]
[0.00016495273, 0.0011254364, 0.9973007, 0.0014089491]
[3.6577094e-05, 5.3334766e-06, 0.9962714, 0.0036867454]
[0.94066536, 7.431353e-05, 0.058887355, 0.00037300092]
[0.29123247, 0.4347609, 0.2129466, 0.061060067]
[0.0014327639, 0.9984445, 3.9173243e-05, 8.359876e-05]
[7.259802e-05, 0.9998721, 5.935992e-06, 4.9308983e-05]
[0.102985665, 6.8240275e-05, 0.87330693, 0.023639256]
[0.1138561, 0.5696155, 0.1142973, 0.2022311]
[0.9976084, 8.0154045e-05, 0.0013326101, 0.000978751]
[0.5362913, 0.0017583467, 0.45124748, 0.010702846]
[0.9919151, 0.0032562648, 0.0014096112, 0.0034190696]
[0.90883696, 0.090319395, 0.0006682194, 0.00017535707]
[0.82894766, 0.0016502565, 0.14583929, 0.023562845]
[0.9970612, 0.00025612887, 0.0005474139, 0.0021352165]
[0.21544208, 0.0009141062, 0.010592559, 0.77305126]
[0.20349447, 0.0010332172, 0.0010289241, 0.79444337]
[0.32222316, 0.0008163999, 0.46006837, 0.21689206]
[0.0014224654, 0.9975682, 0.0008133327, 0.00019592924]
[0.20804563, 0.7742018, 0.01715691, 0.00059563026]
[0.75975317, 0.0019678888, 0.23765813, 0.0006207305]
[0.0020258185, 0.9919708, 0.0012923938, 0.004711052]
[0.10898011, 0.0006494752, 0.88955927, 0.00081114244]
[0.0005386306, 0.08454899, 0.9147516, 0.00016077142]
[0.29237783, 0.0067918235, 0.6997406, 0.0010897433]
[0.00062720524, 4.2695312e-05, 0.9992601, 6.993691e-05]
[0.05376903, 0.9271609, 0.0014387775, 0.017631276]
[0.0076663573, 0.99132395, 0.0008144044, 0.00019528376]
[4.4279583e-05, 0.00016416548, 0.99937963, 0.0004117936]
[0.9994868, 0.00047262394, 1.9859513e-05, 2.0634212e-05]
[0.8769632, 0.12133147, 0.000820692, 0.0008847103]
[0.040899545, 0.9236661, 0.00124757, 0.034186848]
[0.99111396, 9.387024e-05, 0.0032649166, 0.005527188]
[0.7064533, 0.1503138, 0.024610175, 0.1186227]
[0.0021780033, 2.8190861e-05, 0.00019401281, 0.9975998]
[0.9311476, 0.0038967538, 0.06305078, 0.0019049423]
[0.3540814, 0.0014475173, 0.64309263, 0.0013785671]
[0.0037271108, 0.24403608, 0.088247016, 0.6639898]
[0.03990964, 0.012782949, 0.9416598, 0.0056476905]
[0.008297064, 0.03191927, 0.009261806, 0.9505218]
[0.96274114, 0.0012074822, 0.007223506, 0.028827906]
[0.021714877, 0.96234107, 0.012333621, 0.0036103867]
[0.954323, 0.011863915, 0.016622985, 0.017190121]
[0.9920426, 0.0009977139, 0.0060331626, 0.0009264603]
[0.9973459, 0.00012753207, 0.000997411, 0.0015290783]
[2.049109e-06, 9.0737484e-07, 0.99997807, 1.8973431e-05]
[0.24697453, 0.00047916902, 0.7409377, 0.011608601]
[0.11767576, 0.06775014, 0.80812573, 0.0064483155]
[0.9728864, 0.0047085006, 0.007672011, 0.014733057]
[0.1762073, 0.07310779, 0.3968562, 0.35382867]
[0.999889, 1.5688249e-05, 1.5318037e-05, 7.9867394e-05]
[0.75690705, 0.0006409176, 0.24189043, 0.0005616375]
[0.010864452, 0.02792766, 0.95738256, 0.003825429]
[0.062770426, 0.8957894, 0.0016554355, 0.03978475]
[0.9823072, 0.015545209, 0.0019112065, 0.00023636974]
[0.00053189485, 0.9992151, 2.6765956e-05, 0.00022615839]
[0.021734046, 0.8812484, 0.09484949, 0.0021680547]
[0.0008924497, 0.001960465, 0.9963477, 0.0007993492]
[0.9790812, 0.004000531, 0.0008104059, 0.016107948]
[0.79070175, 0.13970777, 0.022540461, 0.047050036]
[0.037454057, 0.9569518, 6.64636e-05, 0.0055276365]
[1.05883555e-05, 0.9999013, 8.630824e-05, 1.8308345e-06]
[0.016090186, 0.9825562, 0.0013247163, 2.8809263e-05]
[0.06801066, 0.9317868, 0.000112738664, 8.983605e-05]
[0.2469015, 0.75282305, 0.000176038, 9.938989e-05]
[4.706251e-05, 1.4102443e-05, 0.99992967, 9.131971e-06]
[0.000107591055, 4.394298e-05, 0.9993286, 0.0005198571]
[0.005026525, 2.044953e-05, 0.9941507, 0.0008023173]
[0.0011296895, 0.9985808, 0.00021155039, 7.795473e-05]
[2.7672206e-05, 0.9997186, 0.00024868225, 4.963284e-06]
[5.552069e-06, 0.9999833, 2.7035078e-06, 8.335819e-06]
[0.00097194087, 0.99729306, 0.0003228512, 0.001412156]
[0.057996765, 0.00027491432, 0.00021579773, 0.94151247]
[0.99574465, 0.0018175668, 0.0023299837, 0.000107760156]
[0.06050934, 0.93844825, 0.0007816647, 0.00026080164]
[0.016582595, 0.9802878, 0.0025391795, 0.0005905332]
[0.036195908, 0.9633939, 0.00019619729, 0.00021407362]
[0.9986577, 5.3987304e-05, 0.0004919103, 0.00079643726]
[0.0010413722, 0.9987888, 0.00010843712, 6.140421e-05]
[0.33736697, 0.6563712, 0.0025372203, 0.0037246984]
[0.42800122, 0.001132768, 0.55313957, 0.017726472]
[0.9615981, 0.024892261, 0.012741224, 0.0007684875]
[0.21770985, 0.0013618182, 0.7238887, 0.0570396]
[0.30257624, 0.0031269777, 0.11859056, 0.5757062]
[0.29352975, 0.052183274, 0.0154597955, 0.63882726]
[0.0068919645, 0.0006827976, 0.98117954, 0.011245679]
[0.00037213694, 1.5649057e-05, 0.99789244, 0.0017197815]
[0.0005283365, 2.260655e-05, 0.9994228, 2.632298e-05]
[4.232509e-06, 2.5835936e-05, 0.9999498, 2.0124522e-05]
[0.937843, 0.013148518, 0.018255133, 0.03075334]
[0.0003752704, 2.7553746e-05, 0.9995752, 2.1892094e-05]
[4.4650264e-05, 3.988891e-06, 0.99988925, 6.210496e-05]
[1.7635259e-05, 9.58209e-06, 0.99996626, 6.515053e-06]
[0.0044292323, 0.00010672194, 0.9954366, 2.7399814e-05]
[0.90400726, 0.004337536, 0.00079332123, 0.09086175]
[0.0031611675, 0.0005543566, 0.9960626, 0.00022196805]
[0.016193701, 0.9668101, 0.00063920487, 0.01635707]
[0.99376935, 0.0023737662, 0.0018162099, 0.002040729]
[0.9998927, 1.6082999e-05, 8.813365e-05, 3.0508888e-06]
[0.0015160636, 0.9432222, 0.011519944, 0.043741904]
[0.29347432, 0.6169076, 0.0755319, 0.014086228]
[0.9768851, 0.004798287, 0.018260077, 5.6601206e-05]
[0.00019696687, 1.1428767e-05, 0.99593276, 0.0038589332]
[0.038462143, 0.0011230883, 0.9545741, 0.0058407052]
[4.8332276e-05, 1.2122479e-06, 0.9999212, 2.9250805e-05]
[0.00013002488, 8.87176e-06, 0.9997508, 0.00011031586]
[0.000581383, 0.0021087497, 0.9971546, 0.00015524236]
[0.006610099, 0.010648282, 0.37970856, 0.60303307]
[0.99970216, 0.00027261677, 1.9374822e-05, 5.7761913e-06]
[0.070178874, 0.0042301756, 0.34344125, 0.58214974]
[0.009478672, 3.6994723e-05, 0.00017087028, 0.99031353]
[0.09734536, 0.01218692, 0.61843824, 0.27202937]
[0.0031106472, 0.9810183, 0.011490558, 0.004380474]
[0.35320768, 0.062063023, 0.00255435, 0.5821749]
[0.9989446, 7.773245e-05, 0.0002455282, 0.00073209335]
[0.3307232, 0.004714112, 0.0037000026, 0.66086274]
[0.00875256, 0.003983199, 0.977576, 0.00968829]
[0.0035696612, 0.10435945, 0.006558596, 0.88551235]
[0.0025304782, 0.00018106395, 0.9969537, 0.00033468686]
[0.045027867, 0.8990956, 0.01782994, 0.038046658]
[0.28070587, 0.00540745, 0.0024478156, 0.71143883]
[0.024158075, 0.0070013357, 0.96845007, 0.00039051188]
[0.018049212, 0.00010310542, 0.9817685, 7.9286896e-05]
[9.745988e-05, 8.618202e-05, 0.9994326, 0.00038379122]
[0.012126421, 0.0015441978, 0.5712996, 0.41502973]
[0.12896809, 0.28415343, 0.09190909, 0.49496943]
[0.001355481, 0.00014192122, 0.024028545, 0.9744741]
[0.07927426, 0.008557036, 0.9092966, 0.0028721476]
[0.5260864, 0.0019103638, 0.45530874, 0.016694529]
[0.87944305, 0.11930773, 0.001219128, 3.0096313e-05]
[0.003405193, 7.0822784e-06, 0.99658126, 6.5145778e-06]
[0.8509302, 0.11068264, 0.0056798724, 0.032707315]
[3.1168296e-05, 1.0779356e-05, 0.9976786, 0.0022794027]
[0.07935767, 0.0028562478, 0.8962394, 0.021546641]
[0.00048815508, 8.418924e-05, 0.998442, 0.000985659]
[7.811659e-05, 3.5752423e-06, 0.9998223, 9.605132e-05]
[0.046274766, 0.026732083, 0.5128475, 0.4141457]
[0.00049535086, 0.00016080843, 0.99919873, 0.00014511409]
[0.69434243, 0.0077519463, 0.015364956, 0.2825406]
[0.21306689, 0.7845091, 0.0006302496, 0.0017937274]
[0.99975926, 2.1875785e-06, 2.5667565e-05, 0.00021297624]
[0.9558914, 0.005393973, 0.017753832, 0.0209608]
[0.8878569, 0.11123465, 0.00019831907, 0.00071008765]
[3.403923e-05, 1.4293425e-05, 0.99288744, 0.0070643034]
[0.89513844, 0.011912042, 0.08795639, 0.0049932357]
[0.965005, 0.008678706, 0.021589564, 0.0047267997]
[0.8634233, 0.12875459, 0.0075244573, 0.00029764173]
[0.7834373, 0.2011725, 0.012883862, 0.002506406]
[6.945062e-05, 0.00033217037, 0.9994265, 0.00017187868]
[7.296472e-05, 3.1950842e-06, 0.99990475, 1.9077874e-05]
[9.541299e-05, 0.999627, 0.00023573046, 4.177207e-05]
[0.19825618, 0.7354383, 0.027967447, 0.03833801]
[0.99975103, 8.4711515e-05, 0.00013060827, 3.3554563e-05]
[0.055786107, 0.0055473843, 0.0051943166, 0.9334722]
[0.9760992, 0.0012708866, 0.01948474, 0.0031452002]
[0.00018381214, 1.8687857e-05, 0.9985948, 0.0012026422]
[8.87783e-05, 0.9999031, 3.324502e-06, 4.782254e-06]
[9.014916e-05, 0.99987614, 2.64139e-05, 7.2655894e-06]
[0.999926, 9.20212e-06, 6.3923464e-05, 9.760463e-07]
[0.875012, 0.12266686, 0.0013260954, 0.000995]
[0.94707215, 0.0005274664, 0.05084983, 0.0015506197]
[0.96797836, 0.0059030955, 0.023449216, 0.0026693023]
[0.015572624, 0.97965276, 0.0038013305, 0.00097323896]
[0.9545629, 0.014546005, 0.02883742, 0.0020536499]
[0.99511355, 0.0037342156, 7.66607e-05, 0.0010756258]
[0.9973055, 0.001705606, 0.00084881176, 0.0001400215]
[0.70744073, 0.0051203794, 0.28701004, 0.00042882774]
[0.9973615, 6.6868735e-05, 0.0025244027, 4.7280126e-05]
[0.011813327, 1.5014397e-05, 0.9881213, 5.047397e-05]
[0.0002665903, 1.6252889e-05, 0.9996356, 8.1564445e-05]
[3.4288507e-05, 0.00011991823, 0.99967813, 0.00016768428]
[0.000105621606, 9.806438e-05, 0.99972886, 6.739609e-05]
[0.11487844, 0.093475, 0.7772329, 0.01441362]
[0.9966556, 4.6330486e-05, 6.423732e-05, 0.003233825]
[0.028387092, 0.000352265, 0.97088945, 0.00037118225]
[5.798368e-05, 2.0202011e-05, 0.9998648, 5.6949113e-05]
[4.1375843e-06, 1.1466906e-05, 0.99988914, 9.529068e-05]
[0.00010233209, 0.000115559145, 0.9936128, 0.0061692023]
[0.9993488, 0.00011834805, 0.00037620097, 0.0001566225]
[0.007866173, 0.00024272432, 0.95314735, 0.03874374]
[0.005173555, 0.013255242, 0.000872498, 0.98069865]
[0.87099457, 0.020533666, 0.00020560157, 0.108266175]
[0.99998856, 3.314257e-06, 3.1355657e-06, 5.0578233e-06]
[0.9997956, 5.148676e-05, 0.00010519066, 4.7628728e-05]
[9.599992e-05, 0.9997218, 4.6824298e-05, 0.00013524725]
[0.022045711, 0.816916, 0.0022965104, 0.15874179]
[0.79565, 0.18762377, 0.0054035224, 0.011322677]
[0.9996917, 4.4100278e-05, 0.00021755516, 4.6575e-05]
[0.5000218, 0.49796185, 0.0011667678, 0.00084956974]
[0.00058091304, 0.00013747462, 0.9992207, 6.0902792e-05]
[0.00052324304, 5.7627994e-06, 0.99945444, 1.6503654e-05]
[0.0009620397, 9.466298e-05, 0.9986797, 0.00026362843]
[0.74674195, 0.0023452782, 0.23672187, 0.014190923]
[0.026062706, 0.001942037, 0.971826, 0.00016922182]
[0.0005407704, 0.0001253829, 0.98913145, 0.010202349]
[5.7918394e-05, 1.6361362e-05, 0.00015177707, 0.9997739]
[0.0003224916, 0.0001028683, 0.0019073035, 0.9976673]
[1.0024952e-06, 1.5613936e-06, 1.6134045e-05, 0.9999813]
[0.99989986, 3.4022505e-05, 3.2051965e-05, 3.4048506e-05]
[0.9910793, 5.4784396e-05, 0.008689492, 0.00017643247]
[0.32386807, 0.0044847326, 0.0014064935, 0.6702407]
[0.88722295, 0.056252588, 0.008379399, 0.048145097]
[0.009699637, 0.00023616344, 0.98860043, 0.001463647]
[0.00025902822, 0.00013020956, 0.9993917, 0.00021911415]
[8.237536e-05, 3.0978554e-05, 0.00044423382, 0.9994424]
[5.678279e-06, 6.4234814e-06, 3.8543647e-05, 0.99994934]
[1.2422364e-05, 9.494275e-06, 2.1261738e-05, 0.99995685]
[0.99647385, 0.00015962207, 0.0001420915, 0.003224381]
[0.43841812, 0.0004721148, 0.013159115, 0.5479507]
[0.0009531882, 6.284739e-05, 0.996506, 0.002478027]
[0.00041092714, 1.1913918e-05, 0.9994153, 0.00016191752]
[0.00016093809, 0.00010044371, 0.9995018, 0.00023671755]
[6.0464026e-06, 2.3720735e-05, 5.1350303e-06, 0.9999651]
[4.5831202e-05, 2.8740866e-05, 0.00057092746, 0.99935454]
[0.0006541003, 5.6766144e-06, 3.2971006e-05, 0.9993073]
[0.41004574, 0.0016886301, 0.03832409, 0.54994154]
[0.6990447, 0.25199136, 0.012887468, 0.036076453]
[0.112173244, 0.0031602334, 0.025169544, 0.85949695]
[0.5297132, 0.0014352613, 0.46194202, 0.0069094673]
[0.02969472, 0.0009531818, 0.9672477, 0.0021043022]
[0.0024468002, 0.00067780446, 0.0024955922, 0.9943798]
[0.00038488494, 1.5675205e-05, 7.774533e-05, 0.99952173]
[0.0001366281, 2.0887279e-05, 0.0026301395, 0.99721235]
[0.00037572227, 0.00019566024, 0.9746225, 0.02480614]
[0.00013710657, 1.2463419e-05, 0.9998412, 9.130501e-06]
[0.00038387653, 4.430125e-05, 0.99954647, 2.5406827e-05]
[0.0059849867, 0.00018846383, 0.9938141, 1.2439515e-05]
[0.38613728, 0.0028249726, 0.00045838454, 0.61057943]
[0.022126123, 0.00054302317, 0.9707908, 0.006540051]
[0.01699523, 0.00017367079, 0.18063393, 0.80219716]
[8.429832e-06, 5.7435664e-06, 0.000323124, 0.99966276]
[0.00010140831, 0.00012394272, 0.000106011415, 0.9996686]
[0.008995315, 0.009408269, 0.0026195103, 0.97897685]
[0.0002926068, 0.0006073147, 0.9989856, 0.000114441886]
[0.025691146, 0.00014466395, 0.799238, 0.17492619]
[0.99917394, 2.9946184e-05, 0.0007156996, 8.040433e-05]
[0.002781386, 0.0024267086, 0.99476975, 2.2175998e-05]
[0.07360176, 0.00018284793, 0.7874084, 0.13880701]
[0.002288051, 0.0011399741, 0.99643, 0.00014204136]
[0.0012641336, 5.631044e-05, 0.98606014, 0.012619468]
[9.993977e-05, 0.0009233006, 0.9989042, 7.2555966e-05]
[0.0048794625, 0.0059577725, 0.9857114, 0.0034514403]
[0.0039498922, 0.0016266888, 0.052792553, 0.94163084]
[0.00028202153, 4.433807e-05, 2.5919133e-05, 0.99964774]
[2.5838992e-05, 2.3686465e-05, 2.9298462e-05, 0.9999212]
[7.729785e-06, 9.167658e-06, 0.9999429, 4.0130464e-05]
[1.6306305e-05, 1.2977738e-05, 0.99988496, 8.57496e-05]
[0.0023701515, 0.00049489224, 0.99706346, 7.1441165e-05]
[0.083046906, 0.0023109722, 0.91440314, 0.00023904926]
[5.2790703e-05, 0.000348787, 0.99941266, 0.00018568084]
[2.853126e-05, 0.00010705525, 0.99969745, 0.00016700859]
[0.013866891, 0.0032570888, 0.19358903, 0.78928703]
[0.99835926, 3.0408914e-05, 2.1548183e-05, 0.0015887513]
[1.21657495e-05, 9.16562e-06, 0.9999676, 1.1089588e-05]
[0.00027039653, 3.7295278e-05, 0.9996624, 2.993369e-05]
[0.25115007, 0.0018849331, 0.7433892, 0.0035758729]
[0.17013054, 0.82449645, 0.004935838, 0.00043719698]
[0.918243, 0.07820015, 0.00021407363, 0.0033427451]
[0.0014199144, 0.070186295, 0.044399463, 0.88399434]
[1.2919142e-05, 1.7347691e-05, 0.99993443, 3.5342306e-05]
[0.00027940824, 5.403682e-05, 0.99943835, 0.0002282104]
[0.8639311, 0.061428495, 0.07124758, 0.003392783]
[0.99808025, 0.00019261979, 0.0011821485, 0.00054495636]
[0.17316647, 0.011584691, 0.81490606, 0.00034282412]
[0.91683424, 0.08207724, 0.0009769669, 0.00011149419]
[0.0063073966, 0.9935154, 9.145938e-05, 8.578672e-05]
[5.1694864e-05, 9.008846e-06, 0.99987733, 6.1924664e-05]
[0.026953258, 0.029889464, 0.91524386, 0.027913505]
[0.9939177, 0.00022453137, 0.0055639395, 0.00029381254]
[0.9891607, 0.0030183434, 0.007591459, 0.0002294281]
[0.9899312, 0.007708548, 0.0015428677, 0.0008173083]
[0.00024879162, 0.9934441, 0.006075694, 0.00023144127]
[0.99749976, 0.00029092096, 0.0004817047, 0.0017275194]
[0.00020457529, 5.7162186e-05, 0.9959067, 0.0038314767]
[0.9000397, 0.0011148119, 0.05889581, 0.039949756]
[0.994759, 0.002213707, 0.002362239, 0.00066504127]
[0.042418815, 0.0159096, 0.9336907, 0.007980865]
[0.00018326429, 0.9997632, 2.1765343e-05, 3.1657306e-05]
[0.9746702, 0.013368009, 4.8352063e-05, 0.011913538]
[0.0068919878, 0.9914015, 0.00062065845, 0.0010857753]
[0.9997131, 7.70413e-06, 2.0900357e-05, 0.00025819516]
[0.016075868, 0.0002639953, 0.98114556, 0.0025145856]
[0.36966455, 0.3801851, 0.012346617, 0.23780373]
[0.17320268, 0.74487597, 0.009204142, 0.07271712]
[0.9921153, 0.00077558175, 0.002676348, 0.004432717]
[0.002910777, 0.9903964, 0.00055443833, 0.006138369]
[0.020408425, 0.8431843, 0.004150589, 0.13225663]
[0.6755696, 0.31870955, 0.0006291829, 0.0050916304]
[0.9941678, 0.00011791428, 7.7405995e-05, 0.0056369137]
[0.99799985, 0.0010374909, 0.0003355503, 0.0006271423]
[0.9999409, 1.19255e-06, 9.7999755e-06, 4.8185768e-05]
[0.040393632, 0.94610846, 6.0038994e-05, 0.013437938]
[0.36701372, 0.25122577, 0.379661, 0.0020995252]
[0.015091761, 0.9827405, 0.0019411803, 0.00022655416]
[0.9933931, 0.00079802383, 0.0044464907, 0.0013623113]
[0.9982889, 0.0006628756, 0.0007969621, 0.00025122194]
[0.1808598, 0.11846992, 0.68790615, 0.012764169]
[0.058949597, 0.0015663458, 0.937617, 0.0018670377]
[6.768581e-05, 0.0002081006, 0.9995115, 0.00021272678]
[0.46914378, 0.15772705, 0.34718543, 0.025943812]
[0.00094623986, 2.0428648e-05, 0.9989279, 0.00010533789]
[0.15745197, 0.0024993143, 0.835483, 0.004565658]
[0.68830967, 0.0014671577, 0.12771699, 0.18250616]
[0.99250823, 0.00055779866, 0.0012791184, 0.0056548687]
[0.5846906, 0.0048161056, 0.075787745, 0.33470556]
[0.009657552, 0.00027546354, 0.2617657, 0.7283013]
[2.8832732e-05, 1.31765755e-05, 7.697517e-05, 0.999881]
[0.34485576, 0.046004344, 0.054584812, 0.55455506]
[0.65187544, 0.3283187, 8.7876324e-05, 0.019717924]
[0.081448026, 0.8356682, 0.08078128, 0.002102509]
[0.13901293, 0.00015495841, 0.8600735, 0.0007586173]
[0.08922065, 0.0009321703, 0.89220995, 0.017637225]
[0.9903058, 0.0013751092, 0.002420461, 0.0058986256]
[0.15014492, 0.004229135, 0.061568625, 0.7840573]
[8.2356004e-05, 8.191297e-05, 0.00025173047, 0.999584]
[0.00013546093, 0.00016675316, 0.0002920481, 0.99940574]
[1.205606e-05, 4.920096e-06, 7.97532e-06, 0.9999751]
[7.8224815e-07, 2.4789446e-07, 3.6605132e-07, 0.99999857]
[0.78514475, 0.017378362, 0.046243932, 0.15123303]
[0.0012460608, 0.9983714, 0.00031386683, 6.862367e-05]
[0.0002699856, 2.1707952e-05, 0.9996112, 9.7106524e-05]
[7.380277e-05, 1.0171041e-05, 0.9999008, 1.5226909e-05]
[3.299835e-05, 2.409484e-05, 2.91358e-05, 0.9999138]
[0.00084411004, 0.00034160528, 0.0023234875, 0.9964908]
[2.3051076e-05, 7.644111e-06, 4.7367743e-05, 0.9999219]
[0.44002804, 0.00016930961, 0.00063633645, 0.5591663]
[0.71479285, 0.20869108, 0.010613737, 0.06590234]
[0.0021607412, 0.99761707, 0.00019319751, 2.8947597e-05]
[0.00026522548, 4.0385414e-05, 0.9996326, 6.170385e-05]
[7.389548e-05, 0.00013127032, 0.9997259, 6.888657e-05]
[5.444134e-05, 6.7634166e-05, 0.00014747956, 0.9997304]
[6.5389424e-05, 4.4666704e-05, 3.8775474e-05, 0.9998511]
[0.13042945, 0.0046847723, 0.09322922, 0.77165663]
[0.8247744, 0.16662599, 0.0041628624, 0.004436752]
[0.014088754, 0.013787718, 0.97163707, 0.00048644253]
[2.0337136e-05, 8.1901155e-05, 1.8425044e-05, 0.99987936]
[0.00025459458, 0.00015887072, 0.00019714748, 0.9993894]
[0.00014738672, 0.0003933492, 8.562772e-05, 0.9993736]
[0.00027028748, 0.00011505429, 0.0028527924, 0.9967618]
[0.97953427, 0.00040226022, 0.013375774, 0.0066877627]
[0.44119847, 0.13312225, 0.42279714, 0.0028820897]
[0.009178466, 0.9907635, 1.1449892e-05, 4.6636924e-05]
[0.008041854, 0.9904242, 0.0014628253, 7.106081e-05]
[0.9787412, 0.017522994, 0.0008640532, 0.0028717748]
[0.026911052, 0.012524362, 0.029254474, 0.9313101]
[0.43825966, 0.16761245, 0.008406022, 0.3857219]
[0.024794789, 0.0015547421, 0.009080028, 0.96457046]
[0.00027379583, 0.00040117392, 0.0012124915, 0.99811256]
[7.147231e-05, 6.337128e-05, 0.00011668207, 0.9997485]
[0.00014047699, 0.00015673747, 6.005969e-05, 0.9996427]
[2.2100521e-05, 0.00023428856, 1.316482e-05, 0.9997304]
[1.2058496e-07, 2.8838201e-08, 6.22058e-08, 0.99999976]
[0.9994337, 0.00048117072, 5.6393354e-05, 2.8758388e-05]
[0.91951364, 0.050403967, 0.027989594, 0.0020927712]
[0.9982835, 0.00023604128, 0.0012595288, 0.00022098343]
[0.81887084, 0.007375638, 0.16427405, 0.009479439]
[0.9993026, 0.0004855985, 0.00015481337, 5.6997163e-05]
[0.8288574, 0.048998717, 0.11306724, 0.009076612]
[0.00018699997, 0.00045120515, 0.9993012, 6.0622115e-05]
[0.00048549596, 0.00035123408, 0.0003842069, 0.9987791]
[2.7755239e-06, 6.1612227e-06, 3.4866696e-06, 0.9999876]
[0.0006559322, 0.00027460328, 0.00016480936, 0.9989047]
[9.247378e-05, 3.576553e-05, 0.04206438, 0.95780736]
[0.04362346, 0.00090824196, 0.9472623, 0.008206025]
[0.22634313, 0.34840792, 0.20333344, 0.22191553]
[0.0006909266, 7.7086215e-06, 0.9986689, 0.0006324687]
[0.84895617, 0.0012677541, 0.14967802, 9.805683e-05]
[0.8797928, 0.025528042, 0.05541079, 0.039268307]
[0.7294477, 0.012457327, 0.0263962, 0.23169869]
[0.051235214, 0.0009000525, 0.94700295, 0.00086183293]
[0.3936433, 0.034007404, 0.44974288, 0.12260638]
[0.002274457, 0.002943203, 0.0012105093, 0.9935719]
[0.0022956699, 0.00034661402, 4.944407e-05, 0.99730825]
[0.00010544343, 2.0554151e-05, 0.9997601, 0.000113926224]
[0.87459964, 0.011627208, 0.02136252, 0.0924106]
[0.51598, 0.00023757067, 0.021677723, 0.46210474]
[0.00097580376, 0.00013812013, 0.9986796, 0.00020646736]
[0.0002334713, 9.8408535e-05, 0.999595, 7.31869e-05]
[0.99667954, 0.002610791, 0.0006860852, 2.3649156e-05]
[0.9980191, 0.0010571086, 6.34696e-05, 0.00086045935]
[1.0646238e-05, 3.1714364e-05, 0.99984646, 0.00011120295]
[3.2688567e-05, 0.00034689368, 0.9673111, 0.032309327]
[0.9986299, 0.0012723674, 5.852943e-05, 3.9169685e-05]
[0.0006399295, 3.8456765e-05, 0.99913126, 0.00019032297]
[4.5605404e-05, 0.00018362702, 0.9997292, 4.163856e-05]
[0.97234625, 0.001117624, 0.016278494, 0.010257601]
[0.80390865, 0.124997124, 0.06777826, 0.0033159994]
[0.9613714, 0.00030086248, 0.00050726195, 0.037820432]
[0.9963427, 0.0033127673, 0.00024755712, 9.697454e-05]
[0.70653003, 0.256993, 0.03350755, 0.0029694538]
[0.9990164, 1.6759415e-05, 0.0006059447, 0.00036089597]
[0.0075996816, 0.0015706072, 0.9142572, 0.07657259]
[0.00017943422, 0.0011541811, 0.9975635, 0.0011027955]
[0.095981695, 0.15635632, 0.7464654, 0.0011965573]
[0.99113464, 0.00054583827, 0.0068789846, 0.0014405679]
[0.1271885, 0.8715282, 0.000817955, 0.0004653408]
[0.30915427, 0.59056145, 0.09995276, 0.0003315891]
[5.2276933e-05, 1.9266884e-06, 0.99991906, 2.6643342e-05]
[0.09146969, 0.011275009, 0.6176399, 0.27961537]
[0.004609254, 0.45060888, 0.50283253, 0.041949328]
[0.999887, 8.393618e-05, 2.4552193e-05, 4.5427687e-06]
[0.013958512, 0.0028886392, 0.9006202, 0.08253261]
[0.5750979, 0.002131951, 0.4200037, 0.0027664874]
[0.9554343, 0.00021768539, 0.03805598, 0.0062921485]
[0.8229587, 0.00089035125, 0.164094, 0.012056882]
[0.9502306, 0.007479957, 0.04034329, 0.0019462287]
[0.0017665375, 0.9969855, 0.0010825874, 0.0001653215]
[0.060256563, 0.6572108, 0.27055514, 0.01197745]
[0.99855024, 0.00017271277, 0.0004924889, 0.0007845259]
[0.2936687, 0.7042163, 0.0008815339, 0.0012334523]
[0.0010374014, 0.9988568, 6.401052e-05, 4.183485e-05]
[0.024356365, 0.8127521, 0.001123387, 0.1617681]
[0.22851355, 0.030243186, 0.61213404, 0.12910919]
[0.90242124, 0.08971849, 0.0032530471, 0.0046072616]
[0.04590144, 0.94838184, 0.00012903378, 0.0055877734]
[0.9536387, 0.046122458, 0.0001916599, 4.723235e-05]
[0.99971086, 3.478971e-05, 9.703807e-05, 0.00015736316]
[0.99964225, 0.00019586962, 0.00012714534, 3.469462e-05]
[0.6752846, 0.035744466, 0.23217142, 0.056799382]
[0.6432097, 0.35084578, 0.0041655786, 0.0017789209]
[0.07147092, 0.92659897, 0.0008722628, 0.0010577581]
[0.13108855, 0.8672099, 0.0012509747, 0.000450518]
[0.002924639, 0.9809703, 0.013747426, 0.0023575437]
[0.9468905, 0.0041352063, 0.0015827861, 0.047391526]
[0.02363682, 0.9743887, 0.0010680577, 0.00090641296]
[6.0887996e-06, 0.9999403, 5.224854e-05, 1.3752102e-06]
[0.00028413898, 0.9980336, 0.0014704206, 0.00021183833]
[0.00019144108, 0.99852365, 0.0012336776, 5.1283736e-05]
[0.06792372, 0.25222164, 0.069548264, 0.6103063]
[0.94801337, 0.015175309, 0.02242205, 0.0143892]
[0.97985065, 0.012702443, 0.001812002, 0.005634869]
[0.99812204, 0.00016624224, 0.0007817933, 0.00092999666]
[0.9780343, 0.0017307268, 0.019893691, 0.00034141337]
[0.05117899, 0.9332043, 0.0008997178, 0.014716887]
[0.34278613, 0.0019337492, 0.64614576, 0.009134319]
[0.0021217116, 0.018311866, 0.9787604, 0.0008059847]
[0.0045944415, 0.00016118427, 0.0048393, 0.9904051]
[0.04372953, 0.0016735382, 0.95450014, 9.688582e-05]
[0.034330115, 0.0014745697, 0.96412325, 7.2033276e-05]
[0.99963725, 0.00029760375, 5.7843743e-05, 7.393098e-06]
[0.021008926, 0.00021719602, 0.9782216, 0.0005522792]
[0.00061184046, 0.9993305, 1.7258442e-05, 4.034457e-05]
[0.40065762, 0.59210175, 0.0038567907, 0.0033837792]
[0.3964082, 0.0007615507, 0.5898442, 0.012986015]
[0.242517, 0.00010212958, 0.0011535657, 0.7562273]
[0.00027582992, 0.00060511474, 0.0012639723, 0.997855]
[4.3560518e-05, 1.0092915e-05, 3.2697582e-05, 0.9999137]
[0.00011990458, 1.2016151e-05, 1.3001977e-05, 0.99985504]
[0.004798642, 0.00025309308, 0.00039462614, 0.99455357]
[0.9927014, 0.0001829624, 0.004875946, 0.0022396517]
[0.0023268657, 0.99750334, 2.6410466e-05, 0.00014335623]
[0.5616437, 0.43339205, 0.00037194227, 0.0045923423]
[0.051113557, 0.46804783, 0.44158018, 0.039258525]
[0.9884558, 0.0044759465, 0.006905836, 0.00016252429]
[0.29289985, 0.020202616, 0.65697193, 0.029925583]
[0.99821824, 0.0013035114, 0.0003283436, 0.00014996351]
[0.051533815, 0.00073656876, 0.00048383832, 0.9472458]
[9.114552e-05, 1.1703175e-05, 6.1941364e-06, 0.9998909]
[0.0011510376, 0.00012598431, 7.1685805e-05, 0.9986513]
[5.0873336e-05, 1.2806417e-05, 1.4731241e-05, 0.99992156]
[0.0001340829, 8.262869e-05, 8.9299305e-05, 0.999694]
[0.9967243, 3.279517e-05, 4.1760824e-05, 0.003201187]
[0.059869606, 0.9395011, 7.751242e-05, 0.0005517675]
[0.0001960504, 0.99974555, 1.7136027e-06, 5.667615e-05]
[0.109901585, 0.8351204, 0.048195444, 0.006782588]
[5.280719e-07, 1.9073202e-07, 2.6184757e-06, 0.99999666]
[1.6586474e-06, 7.273344e-07, 1.9886663e-07, 0.9999974]
[0.00014739756, 9.513085e-06, 1.9409286e-05, 0.99982375]
[7.329247e-05, 2.5665156e-06, 2.6811008e-06, 0.99992144]
[0.057023715, 0.0013838008, 0.00017352834, 0.941419]
[0.0004266138, 0.9985989, 0.00010924162, 0.00086519984]
[1.8674638e-05, 9.6389044e-08, 2.5536804e-06, 0.99997866]
[0.9876508, 0.0017184711, 0.0066327113, 0.0039980235]
[0.6561057, 0.0013914157, 0.00041500857, 0.3420879]
[0.945772, 0.04762589, 0.00014533546, 0.0064567896]
[0.065095745, 0.93399554, 0.00083904894, 6.965492e-05]
[2.8121767e-05, 6.2657826e-05, 8.260972e-05, 0.9998266]
[0.99399346, 0.0041382615, 0.0008238149, 0.0010444616]
[0.99753964, 0.0018410406, 0.00010294227, 0.00051629444]
[0.99784195, 0.0018612634, 0.00010147606, 0.00019528078]
[0.0008321527, 0.9991068, 5.4972756e-05, 5.9853346e-06]
[0.0030847946, 0.9871235, 0.0097419135, 4.974847e-05]
[0.47859728, 0.46337315, 0.04745447, 0.010575032]
[0.9170307, 0.07589517, 0.00021488623, 0.006859229]
[0.9999682, 9.836911e-06, 3.7580983e-06, 1.809568e-05]
[0.000182956, 7.360625e-05, 0.00021425205, 0.99952924]
[3.0468556e-05, 4.8709884e-05, 0.00013270325, 0.9997881]
[0.0048996024, 0.9950151, 6.0045404e-05, 2.521696e-05]
[8.865736e-05, 0.99975866, 8.2154016e-05, 7.0519054e-05]
[0.9126534, 0.0041926415, 0.018960113, 0.064193934]
[0.98024327, 0.00079555344, 0.016866073, 0.0020951908]
[0.8698153, 0.12638183, 0.0011649412, 0.0026379598]
[0.00025910934, 0.0007374709, 0.00013740474, 0.9988661]
[3.0708637e-05, 6.7334615e-05, 5.1891122e-05, 0.99985003]
[0.9965088, 0.00031926678, 0.0022138113, 0.000958026]
[0.104387745, 0.62797517, 0.005373915, 0.26226312]
[0.8938466, 0.052954182, 0.013004708, 0.04019455]
[0.99624276, 0.003162956, 0.0003645908, 0.000229666]
[0.9974763, 0.00030997786, 0.0009963677, 0.0012174291]
[0.81366926, 0.0013740454, 0.1024902, 0.08246649]
[0.0558548, 0.00022493015, 0.80169356, 0.14222671]
[0.9228363, 9.688069e-05, 0.07692596, 0.00014084527]
[0.00040712036, 0.0007085741, 0.029230881, 0.9696535]
[0.0004906395, 0.0002442884, 7.483881e-05, 0.9991903]
[0.040675238, 0.9452383, 0.013479379, 0.0006070813]
[0.5462327, 0.35775247, 0.09201913, 0.0039956644]
[0.052287225, 0.0023093817, 0.9401378, 0.005265589]
[0.98864144, 0.0063201035, 0.004918196, 0.00012025885]
[0.9999473, 3.5109784e-05, 9.4877405e-06, 8.0187365e-06]
[0.6571556, 0.005165462, 0.32703263, 0.010646356]
[0.9223817, 0.00013588693, 0.077453986, 2.8318069e-05]
[0.002274679, 0.0014429804, 0.99542063, 0.0008617765]
[0.0009602487, 0.0006904981, 0.9969042, 0.0014451233]
[0.49217317, 0.00021614361, 0.5075613, 4.932451e-05]
[0.97830325, 0.0009859371, 0.010495922, 0.010214897]
[0.010045346, 0.0046556443, 0.8800241, 0.10527498]
[0.99074334, 0.00082374085, 0.0013221479, 0.007110717]
[0.76592195, 0.05610778, 0.026435446, 0.15153484]
[0.072405145, 0.00021013738, 0.92725056, 0.00013412007]
[0.8310905, 0.11105453, 0.04658393, 0.011271022]
[0.9586513, 0.0007500764, 0.024895918, 0.015702728]
[0.07709129, 0.9078506, 0.0005436275, 0.01451444]
[0.08204163, 0.038179863, 0.8574195, 0.022359077]
[0.98929214, 0.01044175, 9.886695e-05, 0.00016722517]
[0.0018652885, 0.9940528, 0.000113966846, 0.0039678905]
[0.911954, 0.08724714, 0.0004937992, 0.00030503966]
[0.8130671, 0.056200743, 0.00048402025, 0.1302481]
[0.7911746, 0.11609499, 0.08767828, 0.0050520897]
[0.053311944, 0.0055861073, 0.9393138, 0.0017881424]
[0.021122083, 0.042549975, 0.05461281, 0.8817152]
[0.9835223, 0.00026915618, 0.014357946, 0.0018506298]
[0.16100247, 0.3965491, 0.34413576, 0.09831262]
[0.032749675, 0.020463232, 0.9192231, 0.027563967]
[0.09022537, 0.0053424845, 0.82575077, 0.07868145]
[6.393052e-05, 2.1703521e-05, 0.99987423, 4.0164312e-05]
[0.00011066259, 7.662232e-05, 0.9998097, 3.0899294e-06]
[0.00011878412, 2.5276275e-05, 0.999416, 0.0004399521]
[0.00084584556, 0.000110380395, 0.9988096, 0.00023416542]
[4.992579e-06, 1.2657257e-06, 0.9999844, 9.385426e-06]
[0.9918155, 0.007730545, 0.00037308037, 8.0926766e-05]
[0.79102165, 0.20418213, 0.0010781488, 0.003718041]
[0.13004953, 0.0010013303, 0.86876833, 0.00018080905]
[8.7258384e-05, 3.5129648e-05, 0.9998635, 1.4025517e-05]
[0.94382244, 0.0004871843, 0.055526197, 0.0001641254]
[0.042875394, 0.70238537, 0.2515912, 0.0031480212]
[0.027416937, 0.9707573, 0.0015761319, 0.00024959072]
[0.5560463, 0.42436188, 0.013151081, 0.0064407703]
[0.86574656, 0.02910438, 0.089981765, 0.015167337]
[0.9884024, 0.0012981534, 0.00040315892, 0.009896214]
[0.9994573, 0.00031591728, 5.84255e-05, 0.00016834946]
[0.43949896, 5.0844443e-05, 0.0060394416, 0.55441076]
[0.028572148, 0.9339166, 0.000597186, 0.036914058]
[0.6685223, 0.32838905, 0.00054735836, 0.0025413088]
[0.99381435, 0.0005946122, 0.0052631637, 0.00032794604]
[0.1423484, 0.05710415, 0.6238007, 0.1767467]
[0.5021121, 0.008386618, 8.082402e-05, 0.48942047]
[0.50051, 0.30410016, 0.012278608, 0.18311127]
[0.024516014, 0.2575199, 0.56398106, 0.153983]
[0.068124674, 0.0008694565, 0.8823323, 0.048673455]
[0.97627413, 0.00010686196, 0.006115715, 0.017503338]
[0.98877454, 0.0022498695, 0.00014358896, 0.008831987]
[0.9945181, 0.00439864, 0.000259046, 0.0008242226]
[0.90974486, 0.054390006, 0.0016806357, 0.034184568]
[0.0043055853, 0.9941605, 0.00061928004, 0.0009146855]
[0.19054914, 0.20296536, 0.26274094, 0.34374458]
[0.005015771, 0.07011535, 0.9235188, 0.0013502043]
[0.35505834, 0.0006105153, 0.6441865, 0.00014466286]
[0.6367685, 0.0005213592, 0.0011528832, 0.36155722]
[0.9105546, 0.001436452, 0.00044374997, 0.087565124]
[0.90737075, 0.01788106, 0.00083796546, 0.07391015]
[0.950105, 0.048986055, 6.7770314e-05, 0.0008412266]
[0.09598419, 0.0004934719, 0.0003373991, 0.9031849]
[0.9994511, 2.4387239e-06, 0.00047118517, 7.530177e-05]
[0.91365993, 0.03762611, 0.024555027, 0.024158826]
[0.36417884, 0.004339962, 0.020776065, 0.61070514]
[0.9995566, 9.307708e-05, 5.554185e-06, 0.00034468833]
[0.08831743, 0.17602564, 0.7342877, 0.0013692419]
[0.0008739783, 0.031203225, 0.9676971, 0.00022574683]
[0.99557245, 0.0038711028, 0.00037019257, 0.00018620452]
[0.98298806, 0.0016133274, 0.0024708367, 0.012927636]
[0.5454204, 0.0016773018, 0.21045095, 0.24245134]
[0.0787991, 0.0012030281, 0.002879716, 0.91711813]
[0.9117644, 0.0014232079, 0.08589772, 0.00091470504]
[0.016952656, 0.0018191205, 0.9610161, 0.02021208]
[0.0074750767, 0.0013131679, 0.9911178, 9.390176e-05]
[0.99977905, 4.587845e-05, 0.00011502041, 6.0026476e-05]
[0.13788438, 0.0012086943, 0.85552514, 0.00538173]
[0.014211718, 0.00015834885, 1.7088534e-05, 0.9856128]
[0.99694985, 0.00025200887, 0.0020662716, 0.00073201]
[0.9955285, 0.00047219457, 0.0031826785, 0.00081660144]
[0.6780367, 0.31869, 0.0011311835, 0.0021421467]
[0.16146582, 0.81978583, 0.010005019, 0.008743326]
[0.0060493657, 0.4527804, 0.0012842325, 0.539886]
[0.0022391358, 0.00064073346, 0.007162321, 0.98995775]
[0.0024835677, 5.409997e-05, 0.00016838525, 0.9972939]
[0.002172242, 4.7343336e-05, 0.00015829044, 0.9976221]
[0.81743413, 0.014752495, 0.16556688, 0.0022464832]
[0.22015087, 0.7763506, 0.0021167481, 0.0013817755]
[0.0030924727, 0.9964862, 4.579901e-05, 0.0003755366]
[0.8296211, 0.06563818, 0.012151332, 0.09258936]
[0.00040442304, 2.870875e-07, 0.00016572457, 0.9994295]
[0.7033778, 0.0076240734, 0.00025409166, 0.28874406]
[0.70986056, 0.270166, 0.0015743754, 0.01839907]
[0.9856346, 0.00026732497, 0.013921444, 0.00017655962]
[0.8761251, 0.046510864, 0.035862885, 0.041501142]
[0.9878135, 0.011788763, 0.0001681167, 0.00022957582]
[0.00082527584, 0.99897027, 0.00011767603, 8.6818516e-05]
[0.0025719479, 0.9974147, 6.775411e-06, 6.490433e-06]
[0.99846077, 2.2405487e-05, 0.00012359668, 0.0013932969]
[0.05630685, 0.84167564, 0.097838804, 0.004178773]
[0.99994075, 8.3659864e-07, 6.3176317e-06, 5.209239e-05]
[0.00020018224, 0.00023365274, 0.00019096439, 0.9993753]
[8.032933e-05, 0.00012957765, 0.0003785635, 0.9994116]
[0.99991465, 1.7035466e-06, 1.4262212e-06, 8.230032e-05]
[0.9992611, 0.00038464187, 2.6952104e-05, 0.00032739394]
[0.00027399216, 0.00021612475, 0.000419703, 0.9990902]
[8.33878e-05, 0.00011528167, 8.902071e-06, 0.9997924]
[1.9568959e-06, 1.108806e-05, 1.9693938e-05, 0.9999672]
[0.017852668, 0.9735753, 0.00031555237, 0.00825651]
[0.46952474, 0.38453668, 0.0029490972, 0.14298953]
[0.99873525, 0.00034145534, 0.00029563392, 0.00062768307]
[0.9781552, 0.004810616, 0.0005996448, 0.016434483]
[0.84136504, 0.0024564099, 0.013079175, 0.14309941]
[7.267958e-06, 3.0391088e-06, 4.1284467e-05, 0.9999484]
[0.051137183, 0.5672766, 0.37949306, 0.0020931126]
[0.008027088, 0.99117625, 0.0006073925, 0.00018911669]
[0.97446084, 0.0015486202, 0.0020940814, 0.021896444]
[0.0007733441, 7.3027804e-06, 1.0702918e-05, 0.9992086]
[0.9989723, 3.051104e-05, 0.00096743257, 2.9736282e-05]
[0.20759395, 0.00030670123, 0.7781381, 0.013961262]
[0.0014647343, 0.98703915, 0.0091654705, 0.0023307367]
[0.0001791814, 8.4809384e-05, 0.9997049, 3.1081963e-05]
[0.0031596022, 2.3054092e-05, 0.9968106, 6.7856577e-06]
[0.5721073, 0.0003172853, 0.0005071271, 0.42706826]
[0.9937704, 0.00079853483, 0.0007577374, 0.004673285]
[0.00031002774, 0.99947864, 5.9599908e-05, 0.00015183272]
[0.01931987, 0.0005095274, 0.9768862, 0.0032843547]
[0.00037794426, 0.00016290718, 0.99941957, 3.9561837e-05]
[0.9645176, 0.0053919144, 0.014300864, 0.015789578]
[0.999747, 6.474383e-05, 5.267632e-05, 0.00013567683]
[0.9950728, 0.003091571, 0.0013725855, 0.0004630807]
[0.9969242, 0.00040974127, 0.0020001542, 0.00066587864]
[0.20352001, 0.008294486, 0.769424, 0.018761503]
[0.98749256, 0.004627289, 0.00040171406, 0.0074784425]
[0.9986455, 0.0003888566, 0.00088479376, 8.096089e-05]
[0.50818604, 0.0008577668, 0.49067196, 0.00028426741]
[0.7423934, 0.002578324, 0.0062820623, 0.24874613]
[0.75998306, 0.2343659, 0.002819163, 0.0028318735]
[0.111737885, 0.88111305, 0.0014272506, 0.005721727]
[0.077455275, 0.009151215, 0.6476534, 0.26574007]
[0.7913397, 0.00026603625, 0.00032653954, 0.20806779]
[0.9755539, 0.013736891, 0.00020599048, 0.01050329]
[0.32438123, 0.6748587, 0.00046412504, 0.00029596608]
[0.97970885, 0.00026111118, 0.00076979777, 0.019260285]
[0.018143779, 0.0051692873, 0.9472673, 0.02941966]
[0.6279982, 0.33333763, 0.03191223, 0.006751983]
[0.95725375, 0.0030382592, 0.009176516, 0.030531462]
[0.9510669, 0.0002730675, 0.017230606, 0.031429283]
[0.114382446, 0.085105896, 0.7994049, 0.0011067293]
[0.14435591, 0.0012787699, 0.81790596, 0.036459338]
[0.007848412, 0.0013192617, 0.97376186, 0.017070489]
[2.7006568e-05, 1.3103838e-05, 0.99995685, 3.133903e-06]
[0.00016134194, 0.00070059765, 0.99884534, 0.00029266285]
[5.6172987e-05, 0.0001335014, 0.99975926, 5.1096213e-05]
[0.98455197, 0.006594539, 0.0026999433, 0.0061535635]
[0.007946497, 0.99104184, 0.00017691439, 0.0008348142]
[0.94031125, 0.00016232328, 0.00037505096, 0.059151378]
[0.9596834, 0.004062166, 0.022854066, 0.013400387]
[0.5197233, 0.09708188, 0.36516258, 0.018032236]
[0.0016237259, 0.9966235, 0.0004969042, 0.0012559015]
[0.9998554, 7.099109e-05, 5.1439332e-05, 2.2087037e-05]
[0.99896586, 0.0001294585, 0.00020764157, 0.00069699786]
[0.9853312, 0.0035773916, 0.0010796238, 0.010011833]
[0.9834215, 0.0036492446, 0.012728798, 0.00020043417]
[0.34306845, 0.64886564, 0.0006532043, 0.00741261]
[0.9264552, 0.00031295096, 0.016452989, 0.056778837]
[0.08416726, 0.0006188394, 0.9097926, 0.0054212385]
[0.68757445, 0.005389437, 0.004610142, 0.3024259]
[0.9974286, 0.00084049115, 4.285266e-05, 0.0016880427]
[0.99906033, 0.00025204482, 0.00065609283, 3.152016e-05]
[0.9996916, 0.00021917447, 3.9854425e-05, 4.944062e-05]
[0.93798554, 0.0011979342, 0.003763838, 0.05705278]
[0.5263356, 0.0026045935, 0.47007394, 0.0009859427]
[0.9993529, 7.4585274e-05, 4.5128545e-05, 0.0005273914]
[0.09617931, 0.9003881, 0.0022825613, 0.0011500273]
[0.040874533, 0.95006377, 0.0064690146, 0.0025926484]
[0.027663726, 0.971891, 0.0003700483, 7.5181735e-05]
[0.9888071, 0.00064473884, 0.005049843, 0.005498223]
[0.00033794792, 3.4394059e-06, 2.2972808e-05, 0.9996356]
[0.47322425, 0.010073032, 0.43015602, 0.086546615]
[0.0011965194, 0.003557815, 0.99510705, 0.00013871986]
[0.048278857, 0.00040308296, 0.9512183, 9.974406e-05]
[0.99854255, 0.00032965932, 0.0006414108, 0.0004864396]
[0.97779626, 0.020299919, 0.0009244923, 0.0009793392]
[0.005002667, 3.0571693e-05, 9.169938e-05, 0.994875]
[0.0027284059, 5.298937e-05, 0.9971675, 5.108872e-05]
[0.9164207, 0.019295627, 0.06380218, 0.0004814209]
[0.5518157, 0.0027740789, 0.44517496, 0.00023532473]
[0.9997851, 0.00014461055, 6.8374946e-05, 1.8833125e-06]
[0.0009192108, 0.9988103, 7.626141e-05, 0.00019436645]
[0.20183912, 0.7953624, 0.00034410923, 0.0024543237]
[0.73159313, 0.25418454, 4.0446008e-05, 0.014181792]
[0.99981064, 0.0001635113, 1.6392263e-05, 9.429502e-06]
[0.28402567, 0.017925335, 0.69790065, 0.00014831872]
[0.99121547, 0.0074206255, 0.0012690605, 9.492835e-05]
[0.7281029, 0.0037174453, 0.26711276, 0.0010668855]
[0.12926848, 0.8701176, 3.51792e-05, 0.00057876454]
[0.0036801537, 0.96501774, 0.0021853424, 0.029116724]
[0.9750797, 0.023118582, 0.00038218385, 0.0014195385]
[0.6895089, 0.0014919627, 0.2705212, 0.038477913]
[0.003674706, 0.9948507, 0.0013750814, 9.950043e-05]
[0.96190023, 0.033762477, 0.0035041806, 0.00083303615]
[0.98075104, 0.0005241225, 0.018627958, 9.683177e-05]
[0.92225945, 0.001809322, 0.071982324, 0.0039488897]
[0.917997, 0.01173348, 0.007740611, 0.06252897]
[0.2796446, 0.0004214404, 0.71922195, 0.0007119523]
[6.5277677e-06, 1.2870546e-06, 0.99998474, 7.4429818e-06]
[0.21814635, 0.34042546, 0.42401958, 0.017408656]
[0.9842025, 0.0037353153, 0.00927337, 0.0027888739]
[0.0016191832, 0.99824226, 6.835119e-05, 7.023631e-05]
[0.9851521, 0.014036629, 0.00035349332, 0.00045773276]
[0.99623126, 0.000604688, 0.0031245714, 3.9440107e-05]
[0.9441701, 0.008440671, 0.04244599, 0.0049432605]
[0.005661223, 0.5967167, 0.30520028, 0.092421755]
[1.5588355e-05, 1.4461928e-05, 0.9998393, 0.00013063401]
[0.89674854, 0.03421242, 0.0066601485, 0.062378976]
[0.9621592, 0.0005585013, 0.034629002, 0.0026532682]
[0.43491793, 0.5613341, 0.0031175176, 0.0006305127]
[0.8529027, 0.10170895, 0.039977625, 0.0054108216]
[6.647146e-07, 8.7390645e-06, 0.91892093, 0.08106966]
[1.6693359e-05, 0.0001180497, 2.9149462e-05, 0.9998361]
[9.766957e-06, 2.4149947e-05, 1.2733728e-05, 0.9999534]
[9.178411e-05, 6.165644e-05, 0.00014910112, 0.99969745]
[0.037065532, 0.9402119, 0.009151121, 0.013571503]
[0.6784481, 0.27315915, 0.02597183, 0.022421]
[0.79893804, 0.032470204, 0.078776024, 0.08981583]
[0.9963217, 0.0023153168, 0.0010668729, 0.00029612347]
[2.0930485e-05, 7.572648e-05, 0.99304116, 0.006862178]
[0.016533323, 0.0009572245, 0.010520064, 0.97198945]
[0.00010103574, 0.00025506873, 2.5597192e-05, 0.9996183]
[1.0943055e-05, 1.4562887e-05, 1.1487456e-05, 0.99996305]
[0.00029333637, 7.481044e-05, 1.1272219e-05, 0.99962056]
[0.9854688, 0.004846869, 0.0019300678, 0.0077542956]
[5.4558072e-06, 1.6344866e-06, 2.6656203e-06, 0.9999902]
[3.19951e-05, 2.093281e-05, 0.99989235, 5.467182e-05]
[0.99966466, 6.925094e-05, 0.00022305202, 4.2970074e-05]
[0.95641565, 0.00039159146, 0.04228957, 0.00090309355]
[0.029729757, 0.9679279, 0.00030645315, 0.0020358197]
[3.573205e-05, 1.3742269e-06, 0.9999527, 1.0218392e-05]
[0.0002621882, 6.242836e-06, 0.99966013, 7.140603e-05]
[0.8926609, 0.09753226, 0.0025724745, 0.007234457]
[0.0018055957, 0.00034676, 0.99679726, 0.0010504591]
[0.73895544, 0.02546198, 0.23317337, 0.0024091522]
[0.18117265, 0.7966918, 0.0112871425, 0.010848349]
[0.009199142, 0.97787094, 0.0048782295, 0.008051736]
[0.022425434, 0.97306585, 0.000398785, 0.0041099847]
[0.9976896, 7.364861e-05, 7.20456e-05, 0.0021646884]
[0.39977196, 0.5989518, 0.00040472543, 0.0008715622]
[0.5287961, 0.2816483, 0.04193272, 0.14762287]
[0.5161039, 0.4725767, 0.0055608363, 0.0057585435]
[0.021685664, 0.00048330988, 0.9767776, 0.001053399]
[0.0018998038, 0.00018463547, 0.9976909, 0.0002246689]
[0.005433173, 0.0019779766, 0.9924388, 0.00015002135]
[4.3604643e-05, 0.00020922106, 0.99939287, 0.00035428675]
[6.872816e-06, 4.5252546e-06, 0.99997044, 1.8113817e-05]
[0.0002054304, 0.0003811626, 0.9993888, 2.449607e-05]
[4.5723446e-05, 4.8978465e-05, 0.9998938, 1.1466871e-05]
[0.00072221854, 0.00048376515, 0.998665, 0.00012909666]
[0.97169465, 0.012965847, 0.00025458142, 0.015084832]
[0.14945863, 0.84871817, 0.00041165957, 0.0014115169]
[0.9314586, 0.0074975314, 0.039352145, 0.021691725]
[0.022858668, 0.009977615, 0.9668377, 0.00032599978]
[0.020740189, 0.007814275, 0.85602576, 0.1154198]
[0.021844817, 0.96056813, 0.00023598163, 0.017351005]
[0.47415113, 0.52466506, 0.00023386825, 0.00094992196]
[0.9895946, 0.002680318, 0.0067571644, 0.0009679588]
[0.40255505, 0.004042649, 0.59093297, 0.0024693857]
[0.771152, 0.008517119, 0.21875231, 0.0015786107]
[7.8478784e-05, 0.99989533, 1.5503429e-05, 1.0730762e-05]
[0.9982886, 0.0007862289, 0.0001555859, 0.000769589]
[0.9616519, 0.037858766, 0.00019138923, 0.00029778868]
[0.9970463, 0.000783459, 0.00080006453, 0.0013701615]
[0.9930282, 0.0027532247, 0.00074459746, 0.0034739245]
[0.9996006, 0.00030302192, 6.401117e-05, 3.244194e-05]
[0.25467932, 0.00079110597, 0.7134892, 0.031040361]
[0.9665578, 0.0022433044, 0.0066072294, 0.02459171]
[0.048188217, 0.9355146, 0.012125425, 0.0041717556]
[0.49015793, 0.24096148, 0.18384723, 0.08503327]
[0.9982938, 8.897227e-06, 0.00013601767, 0.001561262]
[0.80145687, 0.1938107, 0.00028843846, 0.0044440324]
[0.89239645, 0.0018151724, 0.10510128, 0.00068705005]
[0.99931216, 0.0003244611, 7.5271775e-05, 0.00028805571]
[0.020866126, 0.0030900766, 0.97581893, 0.00022483025]
[0.9855076, 0.009107759, 0.0010817501, 0.004302847]
[0.61975276, 0.00020754532, 0.3799013, 0.00013843786]
[0.9840634, 0.0001113225, 0.0034726514, 0.012352663]
[0.9932887, 0.0049034846, 0.0017335218, 7.43821e-05]
[0.44424903, 0.012742449, 0.528666, 0.014342448]
[0.048187632, 0.004588222, 0.94679207, 0.00043209584]
[0.18369903, 0.6536443, 0.007025857, 0.15563083]
[0.15422103, 0.076298505, 0.008812498, 0.7606679]
[0.32736376, 0.67169636, 0.0008202965, 0.000119629345]
[0.00022267102, 0.99974126, 6.194048e-06, 2.9909968e-05]
[0.9980823, 0.0015931787, 0.0001915847, 0.0001330193]
[0.007695146, 0.9906934, 0.00043242122, 0.0011791006]
[0.23462218, 0.70421124, 0.029245304, 0.031921223]
[0.99998665, 4.784294e-07, 9.947916e-06, 3.0370088e-06]
[0.01194511, 0.0011483551, 0.65032446, 0.33658203]
[0.05071925, 0.948711, 0.0004959958, 7.371774e-05]
[0.99821067, 0.0011773466, 0.00017521546, 0.00043686575]
[0.38048908, 0.00018418375, 0.6189161, 0.0004106743]
[0.34039438, 0.03264083, 0.25255108, 0.3744137]
[0.9493886, 0.0028761872, 0.04114671, 0.0065885894]
[0.013035903, 0.0019391085, 0.97818804, 0.006836913]
[0.00043061253, 4.5434767e-06, 0.9995357, 2.9191187e-05]
[0.0016070257, 6.918639e-05, 0.99709594, 0.0012278835]
[0.00044927865, 4.0479276e-06, 0.99953234, 1.4239766e-05]
[0.5089664, 0.04722987, 0.42874774, 0.015056067]
[0.38668928, 0.15922429, 0.008746842, 0.44533953]
[0.027642712, 0.96937704, 0.0029005667, 7.969969e-05]
[0.460077, 0.4671082, 0.014935412, 0.057879373]
[0.00018667616, 7.938137e-06, 0.999605, 0.00020044875]
[0.00041318065, 2.9245644e-05, 0.9966709, 0.0028866741]
[0.8396243, 0.020923126, 0.001171598, 0.13828103]
[0.98115784, 0.0098532345, 0.008599084, 0.00038980535]
[0.36559305, 0.6231816, 0.0032571063, 0.007968212]
[0.0005870434, 0.00088707585, 0.758735, 0.2397909]
[5.20829e-06, 2.9021721e-06, 0.9998468, 0.00014504601]
[0.0001687549, 1.7056487e-05, 0.99655944, 0.0032547598]
[4.1969295e-05, 1.2674844e-05, 2.2594533e-05, 0.99992275]
[8.223483e-06, 1.580425e-05, 1.2847158e-05, 0.99996316]
[1.8692948e-05, 5.5155295e-05, 5.2866835e-05, 0.9998733]
[0.99729306, 0.0024632139, 0.00012516529, 0.00011858337]
[0.6719266, 0.017127404, 0.30813184, 0.0028141208]
[0.27554938, 0.004821077, 0.69809514, 0.021534462]
[0.34822822, 0.64072335, 0.004762205, 0.0062862667]
[0.015340698, 0.98387235, 0.00066441053, 0.00012240262]
[0.0002933417, 6.609199e-05, 0.9861391, 0.013501423]
[6.6613626e-05, 4.1246476e-05, 0.9943849, 0.005507206]
[0.00020786349, 7.2986118e-06, 4.9958526e-06, 0.9997799]
[5.950461e-05, 3.6888137e-05, 3.5985824e-05, 0.99986756]
[3.809552e-05, 2.0620431e-05, 2.8794811e-05, 0.9999125]
[4.667623e-05, 0.00027324262, 3.7496746e-05, 0.9996426]
[0.00022213161, 0.00023178241, 0.0007274522, 0.9988186]
[0.00046196955, 0.9993538, 3.9598417e-05, 0.0001446676]
[0.0009863627, 0.998541, 0.00013047707, 0.00034219405]
[0.9312264, 0.0667162, 0.0007842837, 0.0012732287]
[0.00054945215, 0.998841, 0.00051456125, 9.5149306e-05]
[6.818779e-05, 0.99949217, 0.00040533763, 3.4345943e-05]
[0.00072335475, 0.00016357846, 0.99709177, 0.002021313]
[5.3462907e-05, 3.7741258e-05, 0.99984896, 5.980502e-05]
[1.5389609e-05, 7.9034817e-07, 2.3930377e-06, 0.9999814]
[4.4632383e-05, 1.9966548e-07, 3.9797405e-06, 0.99995124]
[0.000104249055, 3.72721e-05, 2.0403802e-05, 0.999838]
[6.75912e-05, 2.0792002e-05, 4.9069924e-05, 0.99986255]
[0.00012313889, 0.00026524038, 0.001146281, 0.9984654]
[0.03445384, 0.9648332, 0.00011766887, 0.0005952861]
[0.0013701124, 0.9982345, 0.0003699681, 2.530205e-05]
[0.00025741776, 0.9995521, 0.0001469109, 4.363281e-05]
[0.00040481254, 2.1330698e-05, 0.999551, 2.284213e-05]
[0.0005662674, 6.553449e-05, 0.9992761, 9.202365e-05]
[0.977948, 0.00810236, 0.0051363753, 0.008813265]
[0.0004266365, 0.0003840023, 0.9986186, 0.00057074917]
[0.00039043397, 0.00067058246, 0.98275226, 0.016186666]
[3.6831305e-05, 1.4484907e-05, 0.00016014435, 0.9997886]
[0.26132128, 0.72944516, 0.00085123506, 0.008382346]
[0.0004684161, 0.999445, 3.8951453e-05, 4.7532907e-05]
[4.9001967e-05, 2.6967457e-06, 0.99994624, 2.036653e-06]
[0.0009271581, 0.0021629198, 0.99669635, 0.00021368028]
[0.9968851, 0.001535776, 0.0012852702, 0.00029382878]
[0.0072535803, 0.10770564, 0.84021086, 0.044829942]
[0.056847274, 0.36941314, 0.42135736, 0.15238228]
[0.009794108, 0.0075421385, 0.002501168, 0.9801626]
[0.008869707, 0.969835, 0.017587302, 0.0037079437]
[0.98703265, 0.012541007, 0.000309149, 0.00011724722]
[0.8284332, 0.0018531573, 0.120890684, 0.04882297]
[3.6666606e-05, 0.99991214, 3.146709e-06, 4.8049613e-05]
[0.006566001, 0.99153215, 0.00056800974, 0.0013337084]
[0.24819613, 0.71659327, 0.0054765088, 0.029734075]
[0.0023428507, 0.99747986, 0.000106142485, 7.107011e-05]
[0.020917676, 0.00045547762, 0.15525703, 0.82336974]
[0.48126242, 0.16086905, 0.34813005, 0.009738442]
[0.0013497579, 7.390105e-05, 0.9827831, 0.015793195]
[0.16005963, 0.010735392, 0.73202944, 0.09717552]
[2.020894e-06, 8.295983e-06, 0.99998224, 7.3927504e-06]
[0.19144616, 0.004148461, 0.80368805, 0.0007172906]
[5.586477e-05, 0.00020713467, 0.999716, 2.1030019e-05]
[0.011074017, 0.008877346, 0.92005044, 0.059998114]
[0.00063309143, 1.0291711e-06, 0.9993591, 6.7778346e-06]
[0.019154709, 0.0003368101, 0.9800332, 0.00047521308]
[2.2985192e-05, 6.0482882e-05, 0.99989307, 2.3493541e-05]
[0.0024200557, 0.996917, 0.00024616203, 0.00041672157]
[0.0058015576, 0.00021445107, 0.9936732, 0.0003108673]
[0.00012719289, 1.8871562e-05, 0.9997949, 5.8937454e-05]
[0.0021182979, 0.99576974, 0.00084914773, 0.0012628727]
[0.9979073, 0.00040699606, 0.0008691604, 0.00081663847]
[0.033827763, 0.0002643436, 0.96574044, 0.00016734209]
[0.022392228, 0.96980506, 0.007658598, 0.0001442081]
[0.23233344, 0.75429106, 0.004652329, 0.008723275]
[0.999706, 0.00013858815, 0.00014641987, 8.957985e-06]
[0.80626106, 0.14666569, 0.042070568, 0.00500274]
[0.9866045, 0.0047116363, 0.0005576525, 0.008126158]
[0.99605894, 4.9082442e-05, 9.259036e-05, 0.0037993987]
[0.99891174, 5.2742253e-05, 2.827573e-05, 0.0010072707]
[0.999848, 1.4182225e-05, 0.00012412149, 1.3689747e-05]
[0.9812306, 0.00093318685, 0.016263014, 0.0015731326]
[0.9964534, 0.00018465705, 0.0013029167, 0.002058881]
[0.010576126, 0.12039541, 0.86629874, 0.002729707]
[0.99956626, 0.00037460055, 4.1834548e-05, 1.7307517e-05]
[0.003073127, 0.00028392643, 0.98818874, 0.008454167]
[4.5471174e-05, 7.3494816e-06, 0.9998666, 8.0566875e-05]
[0.00035930195, 0.00018933405, 0.9985934, 0.00085796695]
[0.039382603, 0.00095846324, 0.9586585, 0.0010004236]
[0.06520801, 0.003728246, 0.9306951, 0.00036863977]
[0.23640114, 0.0009257424, 0.7626044, 6.868405e-05]
[0.022807188, 0.00042748696, 0.9766783, 8.698336e-05]
[0.019932441, 0.000121698286, 0.036396354, 0.9435495]
[0.008471039, 0.00790753, 0.9833425, 0.00027885914]
[0.97858936, 0.012980706, 0.008314361, 0.00011560085]
[0.00040717708, 0.9994667, 8.517576e-05, 4.1042404e-05]
[0.00126318, 3.8017297e-05, 0.0020634828, 0.9966354]
[0.0007164831, 0.0005464014, 0.95101774, 0.04771947]
[1.3408447e-05, 4.473902e-06, 3.3796432e-06, 0.9999788]
[6.591386e-05, 8.020427e-05, 0.0010727283, 0.99878114]
[6.5294694e-06, 1.237693e-06, 5.374684e-06, 0.9999869]
[9.712918e-06, 0.99995744, 1.38361565e-05, 1.9024807e-05]
[4.341551e-05, 0.9998267, 0.0001197806, 1.0122872e-05]
[1.3741981e-06, 5.879617e-07, 0.99991643, 8.160488e-05]
[7.888157e-06, 1.4234217e-05, 3.9182937e-06, 0.999974]
[1.9980289e-05, 1.203059e-05, 2.8794784e-05, 0.9999392]
[0.00021783478, 6.0873994e-05, 7.542067e-05, 0.9996458]
[3.6893907e-05, 2.5134825e-05, 4.4828106e-05, 0.9998932]
[5.210517e-06, 5.00632e-06, 5.3067624e-06, 0.9999845]
[0.072594255, 0.87327754, 0.038863443, 0.015264778]
[0.36102802, 0.62205786, 0.0032631676, 0.013650973]
[0.00025903355, 0.00011665038, 0.99957997, 4.427283e-05]
[0.00020985879, 1.2219476e-05, 0.9997383, 3.968141e-05]
[8.660208e-06, 0.9999759, 4.815137e-06, 1.0667303e-05]
[1.948659e-06, 1.5237051e-06, 0.99999595, 5.7482947e-07]
[1.3427007e-05, 1.4588381e-05, 4.136478e-06, 0.9999678]
[0.00031388982, 2.7421214e-05, 4.137973e-05, 0.99961734]
[0.0015881626, 0.0006011102, 0.0028662214, 0.9949445]
[9.4475254e-05, 0.00011591168, 0.00015274946, 0.9996369]
[2.7764137e-05, 9.722605e-06, 3.3402197e-05, 0.9999291]
[0.0023926112, 0.964814, 0.03183043, 0.00096286484]
[2.4710866e-05, 1.1382486e-06, 0.9999678, 6.2865793e-06]
[0.0001325914, 3.4399466e-06, 0.9998394, 2.4606907e-05]
[0.97710663, 0.0031972465, 0.00094434124, 0.018751793]
[0.2041031, 0.7864898, 0.00014631434, 0.009260727]
[0.0038925733, 9.8979006e-05, 0.9959857, 2.2624876e-05]
[0.00010217736, 2.1820463e-06, 0.99988306, 1.25412635e-05]
[3.7165264e-06, 3.4599934e-06, 3.510069e-06, 0.9999893]
[0.0006156567, 0.00038344914, 0.0014308982, 0.99757]
[2.2525376e-06, 4.829888e-06, 1.3331266e-06, 0.99999154]
[0.95637393, 0.03640742, 0.007003867, 0.00021476219]
[0.0028110114, 0.9946873, 0.00020479222, 0.0022968824]
[7.1442926e-05, 0.00018305058, 0.99972934, 1.6164691e-05]
[0.7800103, 0.03465713, 0.1283516, 0.056980934]
[0.99189246, 0.0022837946, 0.0003882334, 0.0054355883]
[0.88041884, 0.025414465, 0.08814608, 0.006020554]
[0.000105069405, 0.00022008744, 0.00016465687, 0.99951017]
[0.0011258159, 0.00036246752, 0.000278067, 0.9982337]
[0.058597773, 0.90467536, 0.0012580415, 0.035468806]
[0.00018663795, 0.99975306, 5.271886e-05, 7.62403e-06]
[7.680604e-06, 2.828808e-05, 6.766812e-06, 0.9999572]
[2.0816333e-06, 1.2561788e-06, 3.9024948e-05, 0.9999577]
[0.09610541, 0.015268096, 0.014757217, 0.8738693]
[0.00012100755, 0.9998136, 1.8627235e-05, 4.6802164e-05]
[0.002444768, 0.99313426, 0.0005723246, 0.0038486258]
[0.02278682, 0.00021397449, 0.97422624, 0.002772985]
[0.0024202524, 0.9317928, 0.06435399, 0.0014328846]
[0.0013646353, 0.04404505, 0.95397604, 0.0006143331]
[0.99867755, 0.0012081808, 0.000103384955, 1.09540415e-05]
[0.99377865, 0.0005444988, 0.004990772, 0.0006860836]
[0.31088838, 0.6493424, 0.035377733, 0.0043915045]
[0.0010371009, 0.00054786267, 0.97541475, 0.023000268]
[0.9263447, 0.011910642, 0.054939877, 0.0068047843]
[0.99990714, 5.3430744e-05, 3.1518128e-05, 8.019401e-06]
[0.12857537, 0.00019004033, 0.87100875, 0.00022587787]
[0.00072113454, 0.00011962659, 0.99854016, 0.00061908585]
[0.9812066, 0.002592732, 0.014081948, 0.0021187807]
[0.985044, 0.012643246, 0.0021862513, 0.00012647912]
[0.9984718, 0.00027084388, 0.0010455933, 0.00021184585]
[0.028535953, 0.0021419453, 0.92370474, 0.045617383]
[0.96629524, 0.019883346, 0.008163681, 0.0056576952]
[0.92439336, 0.006860937, 0.021707825, 0.04703799]
[0.9999453, 4.1743107e-05, 1.6915538e-06, 1.1337473e-05]
[0.057147257, 0.004797902, 0.9342407, 0.0038141233]
[0.0013057735, 5.356347e-05, 0.99860966, 3.0893145e-05]
[0.008983964, 0.24046716, 0.7270498, 0.023499012]
[0.9947936, 0.00097131595, 0.0040316293, 0.00020337572]
[0.9984308, 0.0014745248, 1.4258177e-05, 8.0396654e-05]
[0.016588561, 0.00076167926, 0.9816829, 0.00096684915]
[0.00014173458, 0.8701806, 0.12961592, 6.182408e-05]
[0.0010751197, 0.9988416, 7.136928e-05, 1.2048091e-05]
[0.797162, 0.20202997, 0.00048368063, 0.00032433713]
[0.993501, 0.00041439277, 0.0006934131, 0.005391134]
[0.9900587, 0.009619837, 3.2423646e-05, 0.00028898715]
[0.9807896, 0.0020865523, 0.016875176, 0.0002487381]
[0.9977659, 0.0020229176, 0.0001860612, 2.5265463e-05]
[0.08625781, 0.91315174, 0.0003773163, 0.00021309855]
[0.015224139, 0.97762215, 0.006194704, 0.000959019]
[0.9796739, 0.0009522398, 0.019284144, 8.9656416e-05]
[0.0009428338, 0.9989033, 2.462667e-05, 0.00012915849]
[0.024294052, 0.97448355, 0.0010383573, 0.00018405145]
[0.011312276, 0.0035645985, 0.98472995, 0.00039326245]
[0.003242136, 0.9963181, 0.000389708, 5.004329e-05]
[0.005402224, 0.99418133, 0.00017822656, 0.00023818437]
[2.3847131e-05, 0.9997739, 1.4569426e-05, 0.0001877451]
[0.61983144, 0.33924028, 0.011864205, 0.029064056]
[0.9779865, 5.253418e-05, 0.021598274, 0.00036253806]
[0.017125696, 0.92604834, 0.054900162, 0.0019258142]
[0.00021172334, 0.99969566, 8.664342e-05, 6.0088737e-06]
[0.67903763, 0.25837818, 0.061958097, 0.0006261612]
[0.9906104, 0.008861644, 0.00046166728, 6.636255e-05]
[0.97779363, 0.0077982675, 0.01390391, 0.0005042558]
[0.20798042, 0.29799122, 0.4840627, 0.00996571]
[0.9971451, 0.0010201327, 0.0016874647, 0.00014725327]
[0.9842606, 0.00022642709, 0.015417031, 9.590534e-05]
[0.9930823, 0.0065367767, 0.00031638952, 6.452528e-05]
[0.99752754, 0.0001336894, 0.0022423926, 9.6384094e-05]
[0.46771878, 0.5034935, 0.027209802, 0.0015779327]
[0.99764854, 0.0003583318, 0.0017498733, 0.00024325548]
[0.03622313, 0.002318577, 0.94620854, 0.015249753]
[0.99457526, 0.0038538277, 0.0009046285, 0.00066624]
[0.9925828, 0.0053816177, 0.0018200474, 0.00021549701]
[0.009888718, 0.00021615831, 0.9488911, 0.041004095]
[0.054746184, 0.0032630279, 0.93927133, 0.0027194307]
[3.2115382e-05, 5.144313e-05, 0.99989486, 2.1604244e-05]
[6.775015e-05, 2.642905e-06, 0.9999274, 2.1268177e-06]
[0.02770964, 0.0019870962, 0.9700959, 0.0002074968]
[0.00962356, 0.0015379536, 0.98829585, 0.0005426984]
[0.0058053616, 0.84681946, 0.1471335, 0.00024163033]
[0.0022963847, 0.0001216556, 0.99753124, 5.082515e-05]
[2.9724322e-05, 3.010298e-06, 0.99996376, 3.4166005e-06]
[0.0032211144, 0.011595973, 0.9851, 8.286848e-05]
[4.636497e-05, 0.00018711957, 0.9997191, 4.7473175e-05]
[2.351741e-06, 4.1660726e-07, 0.9999877, 9.582552e-06]
[0.0027726965, 0.06726405, 0.9293968, 0.0005665076]
[0.0010261277, 2.5622712e-05, 0.9988921, 5.6112225e-05]
[0.983751, 0.00026472664, 0.015961094, 2.321062e-05]
[0.010956613, 0.0014182163, 0.93483907, 0.0527862]
[3.6479298e-06, 5.5718733e-06, 0.9994357, 0.0005550959]
[6.0858347e-05, 0.00063651847, 0.97906965, 0.020232968]
[0.7158658, 0.28098, 0.0020347221, 0.0011194351]
[0.00030270073, 0.9993623, 0.0002617122, 7.3214745e-05]
[0.9683843, 0.030514706, 0.00082208356, 0.00027884796]
[0.0004490521, 1.571515e-05, 6.154402e-05, 0.99947375]
[0.91568255, 0.07961141, 0.0035537975, 0.0011522406]
[4.7845377e-05, 0.9999137, 1.4105956e-05, 2.4388975e-05]
[0.0011447121, 0.9987471, 7.773474e-05, 3.030366e-05]
[0.009130151, 0.016217515, 0.0022567653, 0.9723956]
[0.00034658227, 0.00013168198, 0.0002017727, 0.99932003]
[2.48672e-05, 5.2098644e-06, 5.742698e-05, 0.9999125]
[7.789303e-05, 9.177486e-06, 0.0014904062, 0.9984225]
[0.029848369, 0.96496606, 0.0019460426, 0.0032395385]
[0.9931346, 2.486023e-05, 0.006625312, 0.00021519404]
[0.018194837, 0.0023531015, 0.9789474, 0.00050478225]
[0.0018254385, 5.8823403e-05, 0.99800676, 0.00010892392]
[0.00044690084, 0.99937564, 9.836732e-05, 7.914053e-05]
[0.9840544, 0.012117183, 0.00037571468, 0.003452722]
[0.00017229076, 4.927528e-06, 8.271455e-06, 0.99981457]
[0.0002786985, 8.211902e-05, 9.8629505e-05, 0.99954057]
[7.201716e-05, 4.5721128e-05, 0.0002755933, 0.99960667]
[4.5093035e-05, 4.1375606e-06, 3.3915556e-05, 0.9999168]
[0.0002810033, 0.99924684, 6.9878646e-05, 0.00040230106]
[0.027758697, 0.88872313, 0.056138556, 0.027379585]
[0.0048314054, 0.00010705175, 0.9762449, 0.018816575]
[0.00014938734, 6.366437e-05, 0.9997718, 1.5168583e-05]
[0.0031132917, 0.9952401, 0.0011182199, 0.00052840286]
[0.96512514, 0.0016125675, 0.032502316, 0.0007600481]
[9.306079e-05, 4.8527465e-05, 0.0007035388, 0.9991549]
[0.0001323059, 7.528985e-05, 0.0006100619, 0.9991823]
[0.025623161, 0.00022632621, 0.49832058, 0.4758299]
[0.03595001, 0.9501974, 0.0007532456, 0.013099262]
[0.0003513157, 0.9992867, 6.161466e-05, 0.0003004315]
[0.0016777104, 0.0036533915, 0.9938945, 0.0007744537]
[0.11220325, 0.01615209, 0.86758256, 0.004062099]
[8.656316e-05, 0.9998789, 5.34209e-06, 2.9158411e-05]
[0.9994307, 0.00012137571, 0.00024062321, 0.00020713049]
[1.1503945e-06, 3.028378e-06, 7.336115e-07, 0.9999951]
[1.15931e-05, 2.3148827e-05, 5.4518707e-05, 0.9999107]
[1.2462733e-05, 2.0299107e-05, 1.6014805e-05, 0.99995124]
[6.538065e-06, 3.2606833e-06, 0.0021643243, 0.9978258]
[0.035056163, 0.952613, 0.00057817064, 0.0117526585]
[0.0002945042, 0.9995845, 4.827215e-05, 7.264319e-05]
[0.9809605, 0.018678764, 0.00010571386, 0.0002550012]
[0.012834845, 0.0003492656, 0.3035277, 0.68328816]
[0.36063918, 0.00033685804, 0.46492818, 0.17409581]
[1.0667543e-05, 9.496151e-05, 1.8985584e-05, 0.9998754]
[2.8891685e-05, 9.24199e-05, 5.1212202e-05, 0.9998275]
[1.2679504e-05, 4.9833966e-06, 3.1587933e-05, 0.99995077]
[0.8397959, 0.15773791, 0.00065604487, 0.0018101564]
[0.7038722, 0.0006700966, 0.00036010868, 0.29509762]
[0.00068938907, 0.0006313827, 0.85256594, 0.14611328]
[0.00019145405, 0.000120700315, 0.0001581545, 0.9995297]
[0.0001364518, 6.644177e-05, 0.0004961845, 0.99930096]
[2.8542578e-05, 1.3944398e-05, 5.6058256e-05, 0.9999014]
[3.436033e-05, 8.372157e-06, 1.5877506e-05, 0.99994135]
[0.9890013, 0.003112477, 0.000769077, 0.0071171867]
[0.9999541, 6.0285734e-06, 3.5704375e-05, 4.0180366e-06]
[0.0016453682, 0.9925775, 0.0057135588, 6.358472e-05]
[0.64520735, 0.0054401667, 0.3026767, 0.046675794]
[0.813126, 0.041564215, 0.1374487, 0.007861135]
[0.00020624031, 4.7310805e-05, 0.00016522262, 0.9995813]
[0.02378335, 0.0038805776, 0.36544958, 0.6068865]
[0.088636704, 0.2035886, 0.7005186, 0.007256018]
[0.9979995, 0.0005318959, 0.0013332444, 0.00013539837]
[0.9897838, 0.008049188, 0.0010830504, 0.0010840398]
[0.008477976, 0.9910029, 6.779548e-05, 0.00045123836]
[0.021786666, 0.9757991, 0.002104162, 0.00031010027]
[0.64429563, 0.009321838, 0.33924943, 0.0071330555]
[0.087096006, 0.0072380253, 0.8960437, 0.009622262]
[0.73116946, 0.01071402, 0.23552646, 0.02259005]
[4.753786e-05, 1.5170403e-06, 0.9999286, 2.2253618e-05]
[0.007562372, 6.9131765e-06, 0.99129456, 0.0011361855]
[0.99957377, 0.0002461362, 5.4066415e-05, 0.00012595995]
[0.997693, 0.0020888094, 0.00019382236, 2.4312934e-05]
[0.08632557, 0.91346025, 0.00011180896, 0.00010237608]
[0.99140584, 0.004074044, 0.0043336824, 0.00018642757]
[0.08018342, 0.91670233, 0.0017249164, 0.0013894023]
[0.015270202, 0.00515993, 0.9788633, 0.00070658646]
[0.994214, 0.00029972338, 0.0047826213, 0.0007036642]
[2.8758127e-06, 1.0084871e-06, 0.9999685, 2.7585891e-05]
[4.1464617e-05, 3.622269e-05, 0.9989072, 0.0010151207]
[0.75477576, 0.002270729, 0.2385819, 0.00437162]
[0.30418342, 0.69554794, 0.00017401877, 9.461714e-05]
[0.7092442, 0.12811728, 0.0019862535, 0.16065231]
[0.9446888, 0.05065503, 0.0032971303, 0.0013590752]
[0.0012189422, 5.2750056e-05, 0.9987128, 1.5558517e-05]
[0.00232545, 0.00027494426, 0.99655473, 0.00084492884]
[0.98429525, 0.0016897201, 0.01313114, 0.0008839002]
[0.6292164, 0.00033460686, 0.37018564, 0.00026333015]
[0.26967248, 0.6425278, 0.00078909914, 0.087010615]
[0.2165683, 0.7783878, 0.0005616333, 0.0044822455]
[0.1712084, 0.012260497, 0.0028290076, 0.8137021]
[0.00014972534, 3.5678675e-06, 0.999721, 0.00012568534]
[4.353715e-05, 0.0026335358, 0.9969386, 0.00038432286]
[0.0005430058, 0.99534285, 0.00011129559, 0.004002956]
[0.56736696, 0.3158588, 0.066562675, 0.050211594]
[0.9938526, 0.002138852, 0.0039635557, 4.496186e-05]
[0.78749895, 0.14915562, 0.00034430207, 0.063001096]
[4.44954e-05, 0.99990904, 2.7128948e-05, 1.9358145e-05]
[0.99972266, 5.4611948e-05, 7.54908e-05, 0.00014725792]
[0.9310894, 0.06499391, 0.0038481462, 6.8476096e-05]
[0.16605684, 0.46098512, 0.2667469, 0.10621111]
[0.988155, 0.0019260187, 0.0087063275, 0.001212746]
[0.00035081056, 0.9869848, 0.0005196322, 0.012144781]
[0.93564785, 0.0614544, 0.0027013603, 0.00019641526]
[0.95233864, 0.0013617177, 0.045882, 0.00041770353]
[0.2941138, 0.6228755, 0.043426007, 0.039584707]
[0.93718874, 0.06170478, 0.0006915799, 0.00041496314]
[0.9107673, 0.0014857703, 0.0027672052, 0.08497968]
[0.948444, 0.00030275332, 0.037439547, 0.013813643]
[0.028111676, 0.044709347, 0.0011160052, 0.92606294]
[0.022005698, 4.5787612e-05, 0.0004164263, 0.97753215]
[0.792325, 0.0059823855, 0.16295457, 0.038737956]
[0.9055892, 0.0067779846, 0.0045655486, 0.083067365]
[0.99884903, 3.380927e-05, 0.000495399, 0.00062184734]
[0.99987257, 7.228089e-05, 1.11637855e-05, 4.398753e-05]
[0.0027815443, 0.9965669, 0.0002968176, 0.00035473346]
[0.0018370767, 0.0025128594, 0.9955533, 9.671121e-05]
[3.3240267e-05, 1.3260079e-06, 0.9996805, 0.00028499626]
[0.008421317, 0.0011683969, 0.941954, 0.04845622]
[0.02693728, 0.00020499216, 0.5739027, 0.39895502]
[0.8067378, 0.0024520229, 0.19056582, 0.00024432028]
[0.25664842, 0.026802987, 0.71555763, 0.0009909698]
[0.20643836, 0.17554407, 0.6174663, 0.0005513232]
[0.00012358266, 1.4158361e-05, 0.9996718, 0.00019045318]
[0.008537117, 0.028427351, 0.9600115, 0.0030239776]
[4.8941216e-05, 0.00033244875, 0.99884844, 0.00077018]
[0.11019402, 0.00044587042, 0.6770234, 0.21233672]
[0.03225313, 0.85807216, 0.075683445, 0.033991277]
[0.094794385, 0.7905096, 0.09016777, 0.024528367]
[0.9667585, 0.031671878, 5.892067e-05, 0.001510761]
[7.207932e-05, 0.00010479151, 0.96984273, 0.029980417]
[0.008261411, 5.8962807e-05, 0.99113876, 0.0005409632]
[0.007099599, 7.244043e-05, 0.99147755, 0.0013503826]
[0.0024487756, 0.00091944763, 0.05826287, 0.9383689]
[7.5766e-05, 0.0008285403, 0.9918459, 0.007249841]
[0.6324115, 0.00025730053, 0.34349817, 0.023833046]
[0.65283704, 0.009929993, 0.07238097, 0.264852]
[0.0041931523, 0.98404664, 0.011498604, 0.00026157888]
[0.99286383, 0.0060014087, 0.00021653093, 0.0009182935]
[0.002386372, 0.00021782753, 0.99346924, 0.0039265347]
[6.717984e-05, 1.9409415e-06, 2.6599369e-06, 0.99992824]
[0.9741846, 0.00059980515, 0.025113063, 0.00010259064]
[0.9529712, 0.008023918, 0.0078661, 0.031138819]
[0.9435753, 0.010007284, 0.026782313, 0.019635096]
[0.97790205, 0.014535624, 0.0070613697, 0.00050091546]
[0.29734477, 0.3980624, 0.07783787, 0.226755]
[0.0001133075, 8.0710684e-05, 4.3267366e-05, 0.9997627]
[0.00048783014, 0.00018109614, 0.00014490304, 0.9991862]
[0.19323257, 0.7957384, 0.0027682912, 0.008260721]
[0.004439509, 0.00016529854, 0.99523216, 0.00016297252]
[0.98240066, 0.0068962257, 0.010652229, 5.0946346e-05]
[0.9998011, 2.249538e-05, 0.0001641331, 1.2244263e-05]
[0.85895693, 0.021786517, 0.115575336, 0.0036811884]
[0.99818736, 0.0014415965, 0.0001233495, 0.00024759714]
[0.27458394, 0.0023371319, 0.7215554, 0.001523537]
[0.0014549682, 0.0003518278, 0.002113758, 0.9960795]
[0.023777975, 0.97506136, 0.00032232289, 0.0008383218]
[0.95527405, 0.039499708, 0.004830988, 0.00039522792]
[0.00093155756, 0.6526658, 0.0017981271, 0.34460455]
[0.0004748078, 3.888527e-05, 0.0311577, 0.96832854]
[0.99936146, 2.7811457e-05, 0.00026525342, 0.00034551165]
[0.80795085, 0.03628546, 0.096461296, 0.05930247]
[0.69576395, 0.2961118, 0.0062634367, 0.0018609142]
[0.97324884, 0.02077606, 0.004733827, 0.0012411702]
[0.22264427, 0.1283612, 0.64064276, 0.008351728]
[0.00045933912, 9.589189e-05, 0.0011317158, 0.99831307]
[0.00087967544, 0.00018652616, 0.00028626944, 0.9986475]
[0.0010292924, 0.0005298383, 4.8766626e-05, 0.99839205]
[1.2071473e-05, 5.5995206e-05, 1.3350465e-05, 0.9999186]
[0.9467555, 0.0020820736, 0.017840868, 0.033321455]
[0.22317895, 0.052031767, 0.7113059, 0.0134833865]
[0.7422423, 0.00071671355, 0.25432086, 0.002720098]
[0.0052192803, 0.0023225148, 0.99232364, 0.00013444717]
[0.22378798, 0.0055820206, 0.7661114, 0.004518637]
[1.9149693e-06, 7.218567e-06, 1.3008895e-05, 0.9999778]
[0.00019948922, 0.00015849325, 6.883475e-05, 0.9995732]
[4.104587e-05, 6.348573e-05, 1.5367094e-05, 0.9998801]
[4.670027e-05, 2.4901071e-06, 1.2627671e-05, 0.99993813]
[0.998456, 0.0006294174, 0.00014621504, 0.00076848106]
[0.61714673, 0.12782337, 0.0012793597, 0.2537505]
[0.9469454, 0.016724113, 0.035954036, 0.00037646358]
[0.24733566, 0.7313242, 0.017961793, 0.0033783126]
[0.0756151, 0.88351136, 0.0013077756, 0.03956574]
[1.1715631e-05, 2.5761685e-06, 1.818244e-05, 0.9999676]
[0.0011278422, 7.2006886e-05, 0.00074105104, 0.9980591]
[3.264837e-05, 9.815152e-07, 2.5460097e-06, 0.9999639]
[0.4439673, 0.0020853176, 0.19387504, 0.36007237]
[0.09460954, 0.27883118, 0.6261533, 0.0004059896]
[0.30049863, 0.63498896, 0.050771963, 0.013740426]
[0.8849769, 0.017280167, 0.00075857627, 0.09698436]
[0.049207296, 0.15734836, 0.76244324, 0.031001065]
[0.9698262, 0.017426508, 0.00031270622, 0.012434568]
[0.0021606165, 0.98774683, 0.0015438144, 0.008548765]
[0.3680007, 0.004436704, 0.0804265, 0.5471361]
[0.68793577, 0.0008951194, 0.30712882, 0.004040268]
[0.03666322, 0.109884046, 0.025687585, 0.8277651]
[8.141843e-05, 2.6347052e-05, 0.9998388, 5.336146e-05]
[0.0038208687, 0.0008159893, 0.9953113, 5.1890194e-05]
[0.0066185207, 0.92186487, 0.057730887, 0.013785719]
[0.033647843, 0.8604492, 0.06344098, 0.042461928]
[0.9616614, 0.032734968, 0.0050653913, 0.0005382199]
[0.036530137, 0.00066918216, 0.94592154, 0.016879205]
[7.966807e-05, 3.3563894e-05, 0.9998803, 6.4814203e-06]
[0.00014741515, 7.778092e-05, 0.9995778, 0.0001970087]
[0.2090211, 0.14959405, 0.6396768, 0.0017079428]
[0.12758829, 0.00092666806, 0.8485119, 0.022973208]
[2.7414751e-05, 3.2499895e-05, 0.99629766, 0.0036424827]
[0.25303066, 0.0005081325, 0.74452025, 0.0019409286]
[0.511109, 0.00040912058, 0.48830223, 0.00017958859]
[0.0023357656, 0.0013948685, 0.9952106, 0.0010588183]
[0.031319197, 0.00014605743, 0.9680987, 0.00043598184]
[0.002275927, 1.7060402e-05, 0.99769837, 8.632229e-06]
[0.9447305, 0.00024063118, 0.05378655, 0.0012423128]
[0.13567238, 0.5926516, 0.26416725, 0.0075087952]
[0.0015833327, 0.9978235, 4.993217e-05, 0.00054320245]
[0.9952846, 0.0028090924, 0.00015966439, 0.0017465596]
[0.93521667, 0.005708441, 0.00015776054, 0.058917116]
[0.9786008, 0.003787554, 0.0017449611, 0.015866742]
[0.0046419464, 0.99453235, 0.0001949604, 0.00063072663]
[0.97261894, 0.026622666, 0.00046983955, 0.00028860316]
[0.010658859, 0.004768155, 0.959609, 0.02496403]
[0.94897795, 0.04105631, 0.00907136, 0.0008945331]
[4.725434e-05, 1.5643443e-05, 0.9991817, 0.0007554575]
[0.037789952, 0.00029695928, 0.94531596, 0.01659714]
[0.12625527, 0.039845362, 0.74346066, 0.090438694]
[0.9672775, 0.00011196691, 0.026398063, 0.006212488]
[0.99589264, 0.0001059456, 0.0037429798, 0.00025850118]
[0.75800204, 0.00034048353, 0.24144997, 0.0002074624]
[0.8475639, 1.5596808e-05, 0.010153168, 0.14226732]
[0.99920017, 0.000102794045, 0.00055256503, 0.000144501]
[0.98625666, 0.00064468285, 0.0010880595, 0.012010706]
[0.99930656, 0.00048890593, 2.9511059e-05, 0.00017502233]
[0.9993678, 0.00015392923, 0.00033284468, 0.00014544971]
[0.99914277, 6.4841086e-05, 0.000725157, 6.725683e-05]
[0.9691919, 0.00026789683, 0.029945623, 0.0005945155]
[0.92505014, 0.062382344, 0.0015859796, 0.010981591]
[0.88075036, 0.014601862, 0.097706735, 0.0069410093]
[0.057801906, 0.019038655, 0.07172342, 0.851436]
[0.2715923, 0.6712045, 0.0021912542, 0.055011906]
[0.9959875, 0.0031836797, 0.00048757397, 0.0003412096]
[0.8407525, 0.00055988, 0.15362498, 0.0050627175]
[1.3815591e-05, 1.93159e-05, 3.1928215e-05, 0.9999349]
[4.811866e-05, 8.8001056e-05, 0.0004734352, 0.9993905]
[1.0943249e-05, 2.8760728e-06, 1.875517e-05, 0.99996746]
[0.99737597, 4.430165e-05, 0.0015743582, 0.0010053715]
[0.9647708, 0.00043787935, 0.034096524, 0.0006947734]
[0.0001294177, 2.054091e-05, 0.00012974977, 0.9997203]
[9.007806e-05, 2.7371889e-05, 9.059402e-05, 0.9997919]
[0.0020578585, 2.688986e-05, 0.99631655, 0.0015985882]
[0.99107176, 0.00015273385, 0.0039607007, 0.0048147533]
[4.918277e-07, 1.8598175e-07, 8.0476747e-07, 0.99999857]
[6.7043795e-05, 2.1704493e-05, 1.2196257e-05, 0.999899]
[0.00034869974, 8.5804306e-05, 0.00012874599, 0.9994367]
[0.0015739129, 8.201697e-06, 0.9882081, 0.010209763]
[0.0014611008, 0.00016522521, 0.99827087, 0.000102765065]
[0.0012883829, 8.597996e-06, 0.9986192, 8.37711e-05]
[0.08788267, 0.006022778, 0.57621247, 0.32988206]
[0.9083041, 0.0012533178, 0.084624015, 0.0058185337]
[0.9853837, 0.007922477, 0.0044819373, 0.0022119]
[0.9952703, 0.003070908, 0.001358959, 0.00029977554]
[0.0024429646, 6.0167018e-05, 0.93710405, 0.060392812]
[0.005287198, 0.023108535, 0.9584203, 0.013183973]
[0.0004381707, 7.883756e-06, 0.99954766, 6.3278567e-06]
[0.9997801, 4.086153e-05, 0.00016473322, 1.4330812e-05]
[0.9977755, 3.6657304e-05, 0.0010541972, 0.0011337071]
[0.0005382275, 3.6905152e-05, 0.9993494, 7.545052e-05]
[0.9991992, 0.000234339, 1.7002614e-05, 0.0005494945]
[0.9997018, 0.000218982, 1.2386715e-05, 6.668473e-05]
[0.37375972, 0.10305509, 0.3569768, 0.16620837]
[0.011710439, 3.3464657e-05, 0.9881005, 0.00015561718]
[0.9766343, 0.0009815142, 0.02186033, 0.0005237864]
[0.23533167, 0.026232775, 0.7381178, 0.0003176908]
[2.0349544e-05, 4.9203536e-05, 0.9999248, 5.7226302e-06]
[8.127826e-06, 4.245217e-05, 0.9999453, 4.2103234e-06]
[0.95015556, 0.008614312, 0.031326976, 0.009903204]
[0.9424539, 0.049640533, 0.0068161446, 0.0010894225]
[0.00019342198, 4.110099e-06, 0.99979776, 4.8189963e-06]
[0.958484, 0.0001370925, 0.040886052, 0.0004928035]
[0.0140108075, 0.00012057223, 0.98022765, 0.0056409356]
[0.0027602746, 4.9004735e-05, 0.9969586, 0.00023207319]
[0.99365294, 0.0009402567, 0.0049523157, 0.00045450786]
[0.026171431, 0.0045489897, 0.9691863, 9.32372e-05]
[0.63364434, 0.03509198, 0.32540366, 0.005860123]
[0.002324658, 8.082563e-06, 0.9976471, 2.0143789e-05]
[0.29680064, 0.69831586, 0.0005244781, 0.0043590413]
[0.9993781, 0.00022488879, 0.00035738962, 3.9562576e-05]
[0.0114875585, 0.00017856735, 0.98669124, 0.0016425776]
[0.99935824, 2.841824e-05, 0.00018621013, 0.00042705875]
[0.9982101, 0.00016531411, 0.00070458086, 0.00092010025]
[0.9988028, 6.6682616e-05, 0.0010946852, 3.584217e-05]
[0.041875955, 0.041799635, 0.8480433, 0.068281025]
[0.9996383, 3.0981526e-05, 0.00032642361, 4.2346055e-06]
[0.4716971, 9.0376816e-05, 0.011705653, 0.51650685]
[0.40952268, 0.00041851375, 0.13069662, 0.4593622]
[0.8442785, 0.0011658111, 0.02531628, 0.12923938]
[0.5294294, 0.0012168991, 0.4554485, 0.0139052635]
[0.68649876, 0.22717452, 0.009255496, 0.077071175]
[0.99602616, 0.00027338899, 5.775121e-05, 0.0036426415]
[0.00038464784, 0.00015001166, 0.0009599437, 0.9985055]
[0.00042804316, 0.00019074706, 0.00013097757, 0.99925023]
[0.74246484, 0.2563858, 0.0001087861, 0.0010406227]
[0.9909507, 0.0020595056, 0.006730969, 0.0002588208]
[0.88929033, 0.0007577119, 0.102073, 0.007878998]
[0.03442883, 0.018263036, 0.27563876, 0.67166936]
[8.441748e-06, 3.8252438e-05, 0.00011968083, 0.9998336]
[0.0065458007, 0.0001480689, 0.9757579, 0.017548347]
[0.21630673, 0.004879795, 0.7103884, 0.068425044]
[0.9978823, 7.596846e-05, 0.0011954743, 0.00084617356]
[0.99567455, 3.6189096e-05, 0.0041651786, 0.00012406362]
[0.9475061, 0.0019800533, 0.010151528, 0.04036229]
[0.00072195235, 2.229585e-05, 0.00055182126, 0.99870396]
[2.5593654e-05, 5.4159627e-06, 5.5215346e-06, 0.9999635]
[0.97378844, 0.00035839164, 0.007619561, 0.018233648]
[0.99014574, 0.00060914276, 0.0029169186, 0.0063281753]
[0.0012566602, 0.0016154654, 0.9970278, 0.00010003383]
[0.108609505, 0.00025244572, 0.89081216, 0.0003258991]
[0.029766133, 0.00689787, 0.772052, 0.19128397]
[0.97526145, 0.00014783163, 0.018591639, 0.0059990124]
[0.9901957, 0.00018881971, 0.007832711, 0.0017827813]
[0.00011765578, 1.6079654e-05, 0.9998505, 1.5717462e-05]
[0.00020404832, 0.00012636403, 0.9996087, 6.0932885e-05]
[0.012763351, 0.0020553174, 0.98450017, 0.0006812097]
[0.99487334, 0.00012289122, 0.0041785683, 0.0008251652]
[0.0015729417, 8.8613044e-05, 0.99812263, 0.00021578225]
[0.005543094, 0.0056330813, 0.9858008, 0.0030229809]
[0.8428446, 0.011080403, 0.012394105, 0.13368092]
[0.096620835, 0.002971993, 0.72963005, 0.17077711]
[0.28017056, 0.6110661, 0.10065907, 0.008104298]
[0.0004950145, 0.0003461052, 0.9987803, 0.0003786447]
[0.0002330347, 0.004034391, 0.9540533, 0.04167926]
[0.02147599, 0.006542424, 0.49056467, 0.4814169]
[0.22494514, 0.7270229, 0.009645882, 0.038386162]
[0.00038394332, 0.00021194448, 0.9993788, 2.530838e-05]
[6.819906e-05, 1.0799161e-05, 0.99990916, 1.1742093e-05]
[0.002890647, 4.5046087e-05, 0.99702185, 4.240928e-05]
[5.8068872e-05, 0.0003590597, 0.9992132, 0.000369635]
[0.9734947, 0.00015786014, 0.026325297, 2.2204293e-05]
[0.30563295, 0.0019765734, 0.052749116, 0.63964134]
[0.9774884, 0.0010812677, 0.010915143, 0.01051516]
[0.030023985, 0.00026703178, 0.0010137229, 0.9686952]
[0.0021657771, 0.00033897665, 0.0057447534, 0.9917504]
[0.004277249, 2.3124661e-05, 0.0033556574, 0.99234396]
[0.9881428, 0.00010980132, 0.010181447, 0.0015660222]
[0.004022968, 0.00022046472, 0.0002494393, 0.9955071]
[0.0012992577, 7.893484e-05, 0.000489082, 0.99813277]
[0.00013750489, 7.430783e-05, 0.013642273, 0.9861459]
[8.84171e-05, 6.684721e-06, 1.4092753e-05, 0.9998908]
[0.003950304, 1.8615245e-05, 2.434489e-05, 0.9960068]
[0.24384023, 0.011209007, 0.002709967, 0.7422408]
[0.041526824, 0.17472248, 0.052567944, 0.73118275]
[0.0482366, 0.024765559, 0.78360087, 0.14339697]
[0.009801826, 0.0005159686, 0.9877089, 0.001973247]
[1.4914107e-05, 3.667721e-05, 0.9984078, 0.0015407276]
[0.9946555, 1.7816647e-05, 0.004490634, 0.00083600974]
[0.0057452596, 0.00054954755, 0.9926479, 0.001057336]
